"PicID" "PinskyID" "Sampling.Date" "Month" "Date" "Year.x" "Lat" "Lon" "Place" "Total.Length..TL..of.Front..mm." "Total.Length..TL..of.Back..mm." "Standard.Length..SL..of.Front..mm." "Standard.Length..SL..of.Back..mm." "Average.SL..mm." "Developmental.Stage" "dDocent_Contig_2558_83.01" "dDocent_Contig_2558_83.03" "dDocent_Contig_8420_14.02" "dDocent_Contig_8420_14.01" "dDocent_Contig_15075_20.02" "dDocent_Contig_15075_20.04" "dDocent_Contig_19728_116.02" "dDocent_Contig_19728_116.04" "dDocent_Contig_31661_32.01" "dDocent_Contig_31661_32.02" "dDocent_Contig_35399_131.04" "dDocent_Contig_35399_131.02" "dDocent_Contig_37577_42.04" "dDocent_Contig_37577_42.02" "dDocent_Contig_38595_30.04" "dDocent_Contig_38595_30.02" "dDocent_Contig_42614_134.04" "dDocent_Contig_42614_134.01" "dDocent_Contig_54409_32.03" "dDocent_Contig_54409_32.01" "north.vector" "south.vector" "assignment" "ratio" "Collection.Date" "Year.y" "Location" "Period" "TL..mm." "Otolith.D..um." "Peak.Number" "peak.time" "peak.quality..excellent..good..poor..terrible..unusable." "Mg" "Mn" "Fe" "Cu" "Sr" "Cd" "Ba" "Sn" "Pb" "U" "cluster3" "cluster10"
"NCPD 001" "PADE89_002" "2/8/1989" 2 8 1989 34.717239 -76.672935 "Beaufort, NC" 15.191 15.224 13.024 12.902 12.963 "H" 2 0 1 1 2 0 1 1 1 1 2 0 0 2 2 0 2 0 2 0 0.00167819994648118 0.0013610131513063 "north" 1.23305196931451 "2/8/89" 1989 "NC" "Early" 16 177 2 0.68 "excellent" 0.040209638 0.007315036 1.6846e-05 0.000326691 3.437579925 3.995e-06 0.007210578 0.00039676 4.28e-07 1.283e-06 1 5
"NCPD 013" "PADE89_014" "3/16/1989" 3 16 1989 34.717239 -76.672935 "Beaufort, NC" 15.605 16.169 13.347 13.654 13.5005 "H-" 1 1 1 1 2 0 1 1 2 0 2 0 2 0 2 0 1 1 2 0 0.000316623780967585 0.000875535979399567 "south" 0.361634231393577 "3/16/89" 1989 "NC" "Early" 17 173 2 0.69 "good" 0.019200128 0.006972829 0.000124097 0.000596019 3.459844634 3.64e-06 0.006969374 0.00027474 3.02117189015262e-08 3.75895810453221e-08 1 6
"NCPD 014" "PADE89_015" "3/16/1989" 3 16 1989 34.717239 -76.672935 "Beaufort, NC" 15.176 14.245 13.127 12.528 12.8275 "G" 1 1 2 0 2 0 1 1 1 1 2 0 1 1 2 0 2 0 2 0 0.0054572288621561 0.00715108604923648 "south" 0.763132875843211 "3/16/89" 1989 "NC" "Early" 17 137 1 0.77 "excellent" 0.053534889 0.023240271 0.000412377 0.00049282 3.208885055 1.43162713013589e-09 0.005557814 0.000319354 2.6e-07 1.95989593025297e-08 1 6
"NCPD 015" "PADE89_016" "3/16/1989" 3 16 1989 34.717239 -76.672935 "Beaufort, NC" 15.643 14.538 12.886 12.317 12.6015 "H" 2 0 2 0 2 0 2 0 1 1 2 0 1 1 2 0 2 0 2 0 0.00511536645283144 0.00796780378773223 "south" 0.642004571034669 "3/16/89" 1989 "NC" "Early" 16 218 2 0.77 "excellent" 0.059346743 0.024818023 0.002905206 0.000396409 2.91883094 4.38e-06 0.005505555 0.000247082 2.26723971061874e-08 2.47e-07 1 6
"NCPD 018" "PADE89_019" "3/23/1989" 3 23 1989 34.717239 -76.672935 "Beaufort, NC" 14.193 14.496 12.083 12.518 12.3005 "G" 2 0 2 0 2 0 1 1 1 1 1 1 1 1 2 0 2 0 2 0 0.000566424702763305 0.00461765092370052 "south" 0.122665119586255 "3/23/89" 1989 "NC" "Early" 16 115 1 0.69 "excellent" 0.014983446 0.019614098 1.8183e-05 0.000281933 2.83081912 3.272e-06 0.003922079 0.000321487 3.01634079760406e-08 5.66882368829101e-08 1 6
"NCPD 019" "PADE89_020" "3/29/1989" 3 29 1989 34.717239 -76.672935 "Beaufort, NC" 14.923 13.451 13.037 12.62 12.8285 "F" 0 2 1 1 2 0 0 2 1 1 2 0 1 1 2 0 2 0 2 0 0.000244982543867394 0.0001328897700406 "north" 1.84350190231007 "3/29/89" 1989 "NC" "Early" 15 170 1 0.33 "excellent" 0.014655972 0.014812887 0.000474344 0.000308274 2.86739012 3.268e-06 0.005173332 0.000306129 6.15710610500537e-09 2.30361020285636e-08 1 6
"NCPD 023" "PADE91_015" "2/6/1991" 2 6 1991 34.717239 -76.672935 "Beaufort, NC" 15.28 15.202 12.493 12.589 12.541 "H+" 1 1 2 0 2 0 0 2 2 0 2 0 1 1 2 0 2 0 2 0 0.00375246554665204 0.00482606383298072 "south" 0.777541631548293 "2/6/91" 1991 "NC" "Early" 17 219 2 0.65 "excellent" 0.041800734 0.022113341 9.4106e-05 0.007550828 3.229164032 5.709e-06 0.006593161 0.000277345 5.29833808075637e-09 2.68e-07 1 6
"NCPD 025" "PADE91_017" "2/13/1991" 2 13 1991 34.717239 -76.672935 "Beaufort, NC" 16.361 16.091 13.576 13.671 13.6235 "G" 2 0 2 0 1 1 1 1 1 1 2 0 2 0 2 0 2 0 2 0 0.0015144345525165 0.00185023426060952 "south" 0.818509625920343 "2/13/91" 1991 "NC" "Early" 16 170 1 0.81 "excellent" 0.004542199 0.015410143 0.000146887 0.000433052 2.783192288 5.82429590635002e-10 0.004722777 0.000197611 3.60615498935804e-08 5.73864639457315e-08 1 2
"NCPD 026" "PADE91_018" "2/27/1991" 2 27 1991 34.717239 -76.672935 "Beaufort, NC" 16.195 16.265 13.384 13.332 13.358 "H+" 2 0 1 1 2 0 2 0 2 0 2 0 2 0 2 0 2 0 2 0 0.00485992338739006 0.00345500204338745 "north" 1.40663401247229 "2/27/91" 1991 "NC" "Early" 17 200 2 0.89 "excellent" 0.017346203 0.028438711 0.000296759 0.000120231 3.039568003 7.547e-06 0.007140447 0.000269394 2.30224091168493e-08 6.46e-07 1 6
"NCPD 027" "PADE91_019" "2/27/1991" 2 27 1991 34.717239 -76.672935 "Beaufort, NC" 15.541 15.096 12.713 12.301 12.507 "H-" 2 0 2 0 2 0 1 1 2 0 2 0 1 1 1 1 2 0 2 0 0.00325577174191635 0.00161029746478181 "north" 2.02184491568922 "2/27/91" 1991 "NC" "Early" 16 184 2 0.86 "excellent" 0.017699359 0.029373838 0.000146821 0.000322814 3.541350711 1.509e-06 0.010089741 0.000310507 3.24033480898943e-08 2.55152233829722e-08 1 6
"NCPD 028" "PADE91_020" "3/6/1991" 3 6 1991 34.717239 -76.672935 "Beaufort, NC" 15.02 14.289 12.366 11.822 12.094 "H+" 1 1 2 0 2 0 0 2 2 0 2 0 2 0 2 0 2 0 2 0 0.0027713162982155 0.00552134421569828 "south" 0.501927825897197 "3/6/91" 1991 "NC" "Early" 16 212 2 0.73 "good" 0.005452872 0.005081818 7.6445e-05 0.000255709 3.306457349 6.708e-06 0.005667956 0.000302034 3.24e-07 3.6323508429341e-08 1 2
"NCPD 029" "PADE91_021" "3/6/1991" 3 6 1991 34.717239 -76.672935 "Beaufort, NC" 14.146 14.205 11.509 11.637 11.573 "H+" 1 1 1 1 1 1 1 1 2 0 2 0 2 0 2 0 2 0 2 0 0.0014438445201718 0.000266740352146821 "north" 5.41292124926441 "3/6/91" 1991 "NC" "Early" 15 218 2 0.85 "good" 0.005055713 0.014503893 0.000142155 0.000239895 3.228688904 4.505e-06 0.006217363 0.000298382 2.8889888701262e-08 8.44702587928623e-09 1 6
"NCPD 030" "PADE91_022" "3/21/1991" 3 21 1991 34.717239 -76.672935 "Beaufort, NC" 15.598 14.995 12.961 12.995 12.978 "H" 2 0 1 1 2 0 0 2 2 0 2 0 2 0 2 0 1 1 2 0 0.000153746662335734 0.00135781064583396 "south" 0.113231298345951 "3/21/91" 1991 "NC" "Early" 16 235 2 0.77 "good" 0.013708783 0.018289377 5.9711e-05 0.000268176 3.1094554 4.73e-07 0.006041725 0.000283343 5.67e-07 1.28502263780683e-08 1 6
"NCPD 031" "PADE91_023" "3/21/1991" 3 21 1991 34.717239 -76.672935 "Beaufort, NC" 15.415 16.083 12.821 13.381 13.101 "H" 2 0 2 0 2 0 1 1 1 1 2 0 1 1 2 0 2 0 2 0 0.00736352113592296 0.0188004359036378 "south" 0.391667574819271 "3/21/91" 1991 "NC" "Early" 17 185 2 0.77 "excellent" 0.010583132 0.028578073 9.8712e-05 0.000350913 2.956605787 9.3771e-05 0.006781783 0.000246906 1.67728743511252e-08 2.64e-07 1 6
"NCPD 045" "PADE92_019" "3/11/1992" 3 11 1992 34.717239 -76.672935 "Beaufort, NC" 14.131 13.457 11.654 11.15 11.402 "H" 2 0 2 0 2 0 1 1 2 0 2 0 0 2 1 1 2 0 2 0 0.00110210906791578 0.000351879816378248 "north" 3.13206105214936 "3/11/92" 1992 "NC" "Early" 16 199 1 0.73 "excellent" 0.032299729 0.042493482 0.001317522 2.73695450660638e-05 3.828272017 4.184e-06 0.011345723 0.000488013 1.68228809495922e-08 3.9361790958792e-08 1 6
"NCPD 046" "PADE92_020" "3/11/1992" 3 11 1992 34.717239 -76.672935 "Beaufort, NC" 14.644 14.586 12.436 12.6 12.518 "H+" 2 0 2 0 2 0 0 2 1 1 2 0 2 0 2 0 2 0 2 0 0.00195705808487475 0.0126878774963848 "south" 0.15424629418375 "3/11/92" 1992 "NC" "Early" 15 227 2 0.72 "excellent" 0.012578474 0.024594521 0.000131014 8.372e-05 3.880743367 3.589e-06 0.011646504 0.000463941 1.87878664908931e-08 5.1e-07 1 6
"NCPD 051" "PADE98_010" "2/11/1998" 2 11 1998 34.717239 -76.672935 "Beaufort, NC" 14.206 14.025 12.384 11.975 12.1795 "G" 1 1 1 1 2 0 2 0 2 0 2 0 2 0 2 0 2 0 2 0 0.00360177063227893 0.0013141725563805 "north" 2.74071362606973 "2/11/98" 1998 "NC" "Mid" 16 147 1 0.45 "excellent" 0.0018168 0.045237109 3.8609e-05 0.000283636 3.694408204 9.67e-07 0.006209583 0.000507234 3.00704592992552e-08 1.09263970283791e-08 1 4
"NCPD 054" "PADE98_013" "2/11/1998" 2 11 1998 34.717239 -76.672935 "Beaufort, NC" 14.081 14.614 12.895 13.005 12.95 "H-" 2 0 2 0 2 0 2 0 1 1 2 0 1 1 2 0 2 0 2 0 0.00511536645283144 0.00796780378773223 "south" 0.642004571034669 "2/11/98" 1998 "NC" "Mid" 16 167 1 0.51 "excellent" 0.003065698 0.032342105 2.8425e-05 1.87331985663292e-05 2.956899945 7.64e-07 0.004852426 0.000425863 3.27e-07 3.82895090198144e-08 3 7
"NCPD 055" "PADE98_014" "2/17/1998" 2 17 1998 34.717239 -76.672935 "Beaufort, NC" 16.398 16.475 13.722 13.683 13.7025 "H" 2 0 2 0 2 0 2 0 1 1 2 0 1 1 2 0 2 0 2 0 0.00511536645283144 0.00796780378773223 "south" 0.642004571034669 "2/17/98" 1998 "NC" "Mid" 17 175 2 0.78 "excellent" 0.00393727 0.054505993 7.533e-05 0.000198274 3.207492465 2.15106080286205e-09 0.005786366 0.000400851 4.27e-07 5.59071436431259e-08 1 7
"NCPD 056" "PADE98_015" "2/17/1998" 2 17 1998 34.717239 -76.672935 "Beaufort, NC" 15.59 15.14 13.207 12.839 13.023 "G" 2 0 2 0 2 0 2 0 2 0 2 0 0 2 2 0 2 0 2 0 0.00330859133425982 0.00199195094693306 "north" 1.66098032652558 "2/17/98" 1998 "NC" "Mid" 16 155 1 0.64 "excellent" 0.003278947 0.052372647 2.2098e-05 0.000218127 3.580527832 8.13e-07 0.006855579 0.000439775 6.19052188633941e-09 4.05e-07 1 4
"NCPD 058" "PADE98_017" "2/17/1998" 2 17 1998 34.717239 -76.672935 "Beaufort, NC" 16.068 16.287 13.683 13.599 13.641 "H-" 0 2 1 1 2 0 2 0 2 0 2 0 1 1 2 0 2 0 2 0 0.000903593937668867 0.00010923070236855 "north" 8.27234392964072 "2/17/98" 1998 "NC" "Mid" 17 182 1 0.69 "excellent" 0.002546214 0.012981956 1.4946e-05 1.80197894335724e-06 3.428300739 1.1593e-05 0.00803298 0.000472738 3.76287517379969e-08 4.09320137277246e-08 3 4
"NCPD 059" "PADE98_018" "2/17/1998" 2 17 1998 34.717239 -76.672935 "Beaufort, NC" 14.584 15.273 12.788 13.296 13.042 "G" 2 0 0 2 1 1 1 1 2 0 2 0 1 1 1 1 2 0 2 0 0.000102745929525917 3.80071642010133e-06 "north" 27.0333058742588 "2/17/98" 1998 "NC" "Mid" 16 162 1 0.36 "excellent" 0.005577029 0.033380021 4.7571e-05 0.000544584 3.786416605 5.879e-06 0.001994733 0.000429832 5.98e-07 1.01625257218257e-08 3 7
"NCPD 062" "PADE98_021" "3/3/1998" 3 3 1998 34.717239 -76.672935 "Beaufort, NC" 19.012 18.099 15.042 15.038 15.04 "H+" 2 0 2 0 2 0 1 1 1 1 2 0 1 1 2 0 2 0 2 0 0.00736352113592296 0.0188004359036378 "south" 0.391667574819271 "3/3/98" 1998 "NC" "Mid" 18 199 1 0.62 "excellent" 0.028785024 0.016375963 0.000138831 6.6332e-05 3.712743383 1.357e-06 0.006859044 0.000489437 1.23471790656913e-08 4.07e-07 1 6
"NCPD 064" "PADE98_023" "3/3/1998" 3 3 1998 34.717239 -76.672935 "Beaufort, NC" 14.14 14.286 12.188 12.191 12.1895 "G" 2 0 2 0 2 0 0 2 2 0 2 0 2 0 2 0 2 0 2 0 0.00373937884074283 0.0145157920509487 "south" 0.257607633646036 "3/3/98" 1998 "NC" "Mid" 16 141 1 0.55 "good" 0.00690349 0.007434214 9.1054e-05 0.000511838 4.377563887 1.333e-06 0.006668522 0.000465005 2.36987030419987e-08 5.32504255603999e-08 3 9
"NCPD 066" "PADE98_025" "3/3/1998" 3 3 1998 34.717239 -76.672935 "Beaufort, NC" 16.253 15.94 13.554 13.35 13.452 "H" 2 0 2 0 1 1 1 1 2 0 2 0 2 0 2 0 2 0 2 0 0.00289365173427259 0.00211679343374818 "north" 1.3669976900622 "3/3/98" 1998 "NC" "Mid" 18 169 1 0.71 "good" 0.002808751 0.016062197 0.000116639 1.92236839870692e-05 3.199641733 2.20246554072946e-09 0.003337394 0.00048367 2.66625133752823e-08 5.0269331051968e-08 1 4
"NCPD 071" "PADE99_009" "3/16/1999" 3 16 1999 34.717239 -76.672935 "Beaufort, NC" 14.896 14.745 12.441 12.25 12.3455 "H+" 2 0 2 0 2 0 1 1 1 1 2 0 1 1 2 0 2 0 2 0 0.00736352113592296 0.0188004359036378 "south" 0.391667574819271 "3/16/99" 1999 "NC" "Mid" 17 207 2 0.81 "good" 0.016558899 0.005297754 1.597e-06 1.36078602697148e-05 3.029320399 2.59452668018639e-09 0.005940296 0.000559821 3.73e-07 3.47606933768839e-08 3 5
"NCPD 072" "PADE00_009" "2/22/2000" 2 22 2000 34.717239 -76.672935 "Beaufort, NC" 17.353 17.235 14.53 14.711 14.621 "H" 2 0 1 1 1 1 1 1 2 0 2 0 0 2 2 0 2 0 2 0 0.000892966246387138 0.000133943339111609 "north" 6.66674619514352 "2/22/00" 2000 "NC" "Mid" 18 182 2 0.76 "good" 0.007983744 0.007165555 1.8981e-05 0.000261945 2.84319855 3.244e-06 0.005345419 0.000518468 1.83553950490896e-08 2.95e-07 3 9
"NCPD 073" "PADE00_010" "2/22/2000" 2 22 2000 34.717239 -76.672935 "Beaufort, NC" 16.428 16.741 13.563 13.981 13.772 "H+" 2 0 2 0 2 0 0 2 2 0 2 0 1 1 2 0 2 0 2 0 0.00506325830609898 0.0126878774963848 "south" 0.399062672818339 "2/22/00" 2000 "NC" "Mid" 18 202 2 0.78 "excellent" 0.004853567 0.024921214 3.0295e-05 0.000238299 3.614750465 1.42e-07 0.006827039 0.000594413 3.33052233920898e-08 2.55131196789443e-08 1 4
"NCPD 085" "PADE01_023" "3/8/2001" 3 8 2001 34.717239 -76.672935 "Beaufort, NC" 14.305 14.155 13.126 13.193 13.1595 "H-" 1 1 2 0 2 0 1 1 1 1 2 0 1 1 2 0 2 0 2 0 0.0054572288621561 0.00715108604923648 "south" 0.763132875843211 "3/8/01" 2001 "NC" "Mid" 15 138 1 0.31 "excellent" 0.003240389 0.013930639 3.57e-05 0.000206322 3.234027066 6.104e-06 0.004543103 0.000391704 9.7e-08 5.66710235830396e-08 3 4
"NCPD 087" "PADE01_025" "3/8/2001" 3 8 2001 34.717239 -76.672935 "Beaufort, NC" 15.381 15.402 13.461 13.523 13.492 "G" 2 0 2 0 2 0 2 0 2 0 2 0 2 0 2 0 2 0 2 0 0.00721841561950583 0.0104289876494843 "south" 0.692149215447846 "3/8/01" 2001 "NC" "Mid" 17 140 1 0.26 "excellent" 0.002724352 0.014486309 0.000140969 0.000494741 3.184659056 2.33e-06 0.006324699 0.000460294 2.59e-07 2.34600252052769e-08 3 7
"NCPD 088" "PADE01_026" "3/8/2001" 3 8 2001 34.717239 -76.672935 "Beaufort, NC" 16.134 16.576 14.371 14.481 14.426 "G" 2 0 2 0 2 0 1 1 1 1 2 0 0 2 2 0 2 0 2 0 0.00249262050874411 0.00410824340116531 "south" 0.606736326293879 "3/8/01" 2001 "NC" "Mid" 17 172 1 0.73 "excellent" 0.004304956 0.02415084 3.9867e-05 0.00027354 2.584908124 4e-09 0.005020555 0.000368311 3.59e-07 6.2258500372991e-09 3 7
"NCPD 089" "PADE01_027" "3/8/2001" 3 8 2001 34.717239 -76.672935 "Beaufort, NC" 16.453 15.849 13.834 14.169 14.0015 "H" 1 1 2 0 2 0 2 0 2 0 2 0 1 1 2 0 1 1 2 0 0.000442362009898382 0.00097900924519671 "south" 0.451846611325411 "3/8/01" 2001 "NC" "Mid" 18 212 1 0.85 "excellent" 0.007995907 0.030137154 0.000134114 0.000362921 3.34797696 1.83024551812559e-09 0.006352624 0.00044738 1.33171180584468e-08 4.76419125963002e-08 1 4
"NCPD 090" "PADE01_028" "3/14/2001" 3 14 2001 34.717239 -76.672935 "Beaufort, NC" 15.152 14.661 13.608 13.499 13.5535 "H-" 2 0 2 0 2 0 0 2 1 1 2 0 2 0 2 0 2 0 2 0 0.00195705808487475 0.0126878774963848 "south" 0.15424629418375 "3/14/01" 2001 "NC" "Mid" 16 190 1 0.67 "excellent" 0.002547524 0.042471212 6.726e-06 0.000220262 2.869269673 4.245e-06 0.004858088 0.000412599 8.21e-07 2.44356160517782e-09 3 7
"NCPD 091" "PADE01_029" "3/14/2001" 3 14 2001 34.717239 -76.672935 "Beaufort, NC" 15.684 15.456 14.188 13.803 13.9955 "H" 2 0 2 0 2 0 1 1 2 0 2 0 1 1 1 1 2 0 2 0 0.00325577174191635 0.00161029746478181 "north" 2.02184491568922 "3/14/01" 2001 "NC" "Mid" 16 246 1 0.73 "excellent" 0.002578386 0.028920391 2.4734e-05 0.000138508 2.9102568 5.809e-06 0.005179654 0.000367761 2.56751085876022e-08 4.38559258589521e-08 1 4
"NCPD 092" "PADE01_030" "3/14/2001" 3 14 2001 34.717239 -76.672935 "Beaufort, NC" 15.854 15.419 13.972 13.793 13.8825 "H+" 1 1 2 0 2 0 2 0 0 2 2 0 1 1 2 0 2 0 2 0 0.000496029651766566 0.000662263718598602 "south" 0.748991131231227 "3/14/01" 2001 "NC" "Mid" 18 192 2 0.77 "good" 0.001759676 0.019194449 8.867e-06 0.000113647 3.22999912 1.608e-06 0.007652708 0.000381154 4.39e-07 4.39e-07 3 7
"NCPD 093" "PADE01_031" "3/14/2001" 3 14 2001 34.717239 -76.672935 "Beaufort, NC" 16.275 15.962 14.481 14.367 14.424 "G" 1 1 2 0 2 0 1 1 1 1 2 0 1 1 2 0 2 0 2 0 0.0054572288621561 0.00715108604923648 "south" 0.763132875843211 "3/14/01" 2001 "NC" "Mid" 17 182 1 0.31 "excellent" 0.002002176 0.014570975 0.000113456 0.000185043 2.915888742 3.8533709095791e-09 0.007079852 0.000347363 2.42552336475346e-08 2.91e-07 1 4
"NCPD 103" "PADE08_047" "2/27/2008" 2 27 2008 34.717239 -76.672935 "Beaufort, NC" 13.273 13.345 11.719 11.659 11.689 "H" 2 0 1 1 2 0 1 1 2 0 2 0 2 0 2 0 2 0 2 0 0.00699581328375895 0.00815225201248723 "south" 0.858144874942911 "2/27/08" 2008 "NC" "Late" 14 171 1 0.27 "good" 0.05766642 0.011024672 2.1127e-05 0.000356381 3.478697882 9.101e-06 0.006076773 0.000401361 3.37e-07 3.37e-07 3 5
"NCPD 106" "PADE08_050" "2/27/2008" 2 27 2008 34.717239 -76.672935 "Beaufort, NC" 13.791 13.879 11.661 11.549 11.605 "H" 2 0 1 1 2 0 2 0 2 0 2 0 2 0 2 0 2 0 2 0 0.00485992338739006 0.00345500204338745 "north" 1.40663401247229 "2/27/08" 2008 "NC" "Late" 15 195 1 0.94 "good" 0.021814471 0.004766812 4.6555e-05 5.9757e-05 2.440897846 1.0594e-05 0.004463862 0.000426761 9.93e-07 2.35125083941966e-09 3 5
"NCPD 107" "PADE08_051" "3/5/2008" 3 5 2008 34.717239 -76.672935 "Beaufort, NC" 15.954 16.126 13.538 13.648 13.593 "H" 2 0 0 2 2 0 1 1 1 1 2 0 1 1 2 0 2 0 2 0 0.00083445058652357 0.000515846203235048 "north" 1.61763444470551 "3/5/08" 2008 "NC" "Late" 17 154 1 0.79 "good" 0.005869633 0.011440051 9.9486e-05 0.000188267 2.808508016 1.25e-06 0.003852499 0.000506598 6.82e-07 4.75208502681926e-08 3 7
"NCPD 108" "PADE08_052" "3/5/2008" 3 5 2008 34.717239 -76.672935 "Beaufort, NC" 16.391 16.369 13.905 13.889 13.897 "H" 1 1 2 0 1 1 0 2 0 2 2 0 1 1 2 0 2 0 2 0 7.1558431114601e-05 7.9293317179726e-05 "south" 0.902452232543215 "3/5/08" 2008 "NC" "Late" 17 172 2 0.71 "good" 0.001799995 0.015351258 0.000145825 0.000103889 3.411228346 6.09620872884989e-10 0.007503093 0.000471812 1.224e-06 5.14019468799233e-09 3 7
"NCPD 109" "PADE08_053" "3/5/2008" 3 5 2008 34.717239 -76.672935 "Beaufort, NC" 16.328 16.285 13.997 14.021 14.009 "H-" 2 0 2 0 2 0 1 1 1 1 2 0 0 2 2 0 2 0 2 0 0.00249262050874411 0.00410824340116531 "south" 0.606736326293879 "3/5/08" 2008 "NC" "Late" 17 203 1 0.77 "excellent" 0.003083451 0.025674785 3.0753e-05 0.000267419 3.459698877 1.71705462038517e-09 0.007629382 0.000416001 4.93e-07 1.88482816144824e-08 3 7
"NCPD 111" "PADE08_055" "3/5/2008" 3 5 2008 34.717239 -76.672935 "Beaufort, NC" 15.136 15.28 12.816 12.788 12.802 "G" 2 0 2 0 1 1 2 0 1 1 2 0 2 0 2 0 2 0 2 0 0.00105206294134996 0.000784146900924986 "north" 1.34166562427134 "3/5/08" 2008 "NC" "Late" 16 155 1 0.3 "good" 0.002305329 0.016765625 0.000111997 0.00020237 2.999263072 2.56874257605523e-09 0.005966559 0.000383239 2.48e-07 2.48e-07 3 7
"NCPD 112" "PADE09_050" "2/26/2009" 2 26 2009 34.717239 -76.672935 "Beaufort, NC" 15.759 15.465 13.199 13.091 13.145 "H-" 2 0 2 0 1 1 1 1 2 0 1 1 1 1 2 0 2 0 2 0 0.000301393252781379 0.000454443502605846 "south" 0.663213911197202 "2/26/09" 2009 "NC" "Late" 16 168 1 0.73 "excellent" 0.015381009 0.026118059 4.203e-06 0.000212396 3.402963477 3.612e-06 0.006902125 0.000362064 3.5e-07 2.43257515272126e-08 3 7
"NCPD 116" "PADE09_054" "2/26/2009" 2 26 2009 34.717239 -76.672935 "Beaufort, NC" 16.481 16.482 13.962 13.962 13.962 "H+" 1 1 2 0 2 0 0 2 2 0 2 0 1 1 2 0 2 0 2 0 0.00375246554665204 0.00482606383298072 "south" 0.777541631548293 "2/26/09" 2009 "NC" "Late" 17 209 1 0.28 "good" 0.002298344 0.012749369 0.000140981 0.000200678 2.651906555 3.476e-06 0.003261097 0.00056999 5.09e-07 1.05360095109791e-08 3 10
"NCPD 117" "PADE09_055" "2/26/2009" 2 26 2009 34.717239 -76.672935 "Beaufort, NC" 15.772 15.642 14.098 14.015 14.0565 "H+" 2 0 1 1 2 0 2 0 2 0 2 0 2 0 2 0 1 1 2 0 0.000296789214497104 0.000975529988721161 "south" 0.304233819491464 "2/26/09" 2009 "NC" "Late" 17 200 1 0.2 "good" 0.00327519 0.007037974 6.5587e-05 0.000167046 3.084032799 1.24245614837855e-09 0.005100002 0.000527452 2.57e-07 2.57e-07 3 10
"NCPD 119" "PADE09_057" "2/26/2009" 2 26 2009 34.717239 -76.672935 "Beaufort, NC" 15.284 15.783 14.066 14.052 14.059 "H-" 2 0 1 1 2 0 1 1 1 1 2 0 2 0 2 0 1 1 2 0 0.000223594517451952 0.00201195448360469 "south" 0.111132989972692 "2/26/09" 2009 "NC" "Late" 16 159 1 0.69 "excellent" 0.001995254 0.028930257 0.0001003 0.000248071 3.415350416 2.945e-06 0.00549917 0.000532918 3.53e-07 3.53e-07 3 7
"NCPD 120" "PADE09_058" "3/3/2009" 3 3 2009 34.717239 -76.672935 "Beaufort, NC" 16.371 16.473 14.179 14.162 14.1705 "H" 2 0 1 1 2 0 0 2 1 1 2 0 2 0 2 0 2 0 2 0 0.00131762326506419 0.00420334591904773 "south" 0.313470099877647 "3/3/09" 2009 "NC" "Late" 17 188 1 0.3 "good" 0.010285136 0.006929016 2.9071e-05 0.000275466 3.190390908 1.546e-05 0.006067149 0.000507293 1.02137172720395e-08 3.13e-07 3 9
"NCPD 121" "PADE09_059" "3/3/2009" 3 3 2009 34.717239 -76.672935 "Beaufort, NC" 16.9 16.722 14.063 14.238 14.1505 "H+" 1 1 2 0 2 0 1 1 2 0 1 1 1 1 2 0 2 0 2 0 0.000802092703641077 0.00200944880063291 "south" 0.399160557556104 "3/3/09" 2009 "NC" "Late" 18 197 2 0.88 "good" 0.027730276 0.014813295 0.000129898 0.000456511 3.397958033 1.4693e-05 0.005501867 0.000480408 4.28e-07 4.28e-07 3 5
"NCPD 122" "PADE09_060" "3/3/2009" 3 3 2009 34.717239 -76.672935 "Beaufort, NC" 15.903 15.679 13.561 13.427 13.494 "H" 2 0 1 1 2 0 0 2 2 0 2 0 0 2 2 0 2 0 NA NA 0.00194441564762005 0.00117482185806928 "north" 1.65507275359647 "3/3/09" 2009 "NC" "Late" 17 195 2 0.76 "good" 0.026635262 0.004477433 1.646e-05 0.000352355 3.281072068 1.4093e-05 0.006518954 0.000421502 1.56797983269207e-08 3.2e-07 3 9
"NCPD 123" "PADE09_061" "3/3/2009" 3 3 2009 34.717239 -76.672935 "Beaufort, NC" 16.667 16.717 13.739 13.868 13.8035 "H" 1 1 1 1 2 0 2 0 2 0 2 0 0 2 2 0 1 1 2 0 0.000100817514832015 7.08730619222158e-05 "north" 1.42250824357869 "3/3/09" 2009 "NC" "Late" 18 206 2 0.78 "good" 0.012904467 0.009728926 0.000124681 0.000281245 3.256427199 1.0803e-05 0.004706854 0.000418439 3.89022819728125e-08 2.44409606745467e-08 3 9
"NCPD 150" "PADE10_044" "3/11/2010" 3 11 2010 34.717239 -76.672935 "Beaufort, NC" 16.586 16.545 14.316 14.347 14.3315 "G" 2 0 2 0 2 0 2 0 1 1 2 0 1 1 2 0 2 0 2 0 0.00511536645283144 0.00796780378773223 "south" 0.642004571034669 "3/11/10" 2010 "NC" "Late" 17 119 1 0.96 "good" 0.00549629 0.006687833 0.000100849 0.021398506 2.344758316 8.96e-06 0.06673077 0.000593011 2.14915159405209e-08 4.51576381037012e-08 3 9
"NCPD 156" "PADE91_024" "3/21/1991" 3 21 1991 34.717239 -76.672935 "Beaufort, NC" 15.829 15.881 13.271 13.198 13.2345 "H+" 0 2 2 0 2 0 0 2 2 0 2 0 2 0 2 0 2 0 2 0 0.0005134672329181 0.000525035799652291 "south" 0.977966137277016 "3/21/91" 1991 "NC" "Early" 16 171 1 0.47 "excellent" 0.002641904 0.020468368 0.000134771 0.000262213 3.336666163 4.89e-06 0.004325432 0.000377013 7.70481881545857e-09 8.16512397956103e-09 1 6
"NCPD 157" "PADE00_017" "2/29/2000" 2 29 2000 34.717239 -76.672935 "Beaufort, NC" 14.568 14.523 12.79 12.789 12.79 "H" 2 0 2 0 1 1 2 0 2 0 2 0 1 1 2 0 2 0 2 0 0.00272187446427785 0.000784146900924986 "north" 3.47112825551833 "2/29/00" 2000 "NC" "Mid" 15 178 1 0.7 "excellent" 0.011854925 0.008779628 0.000117026 0.000302585 3.595784559 3.707e-06 0.006355335 0.000387694 3.3661832800135e-09 5.13868709374219e-08 1 9
"PADE00_002" "PADE00_002" "10/17/2000" 10 17 2000 39.509379 -74.323945 "Little Egg Inlet, NJ" 17.424 17.617 14.76 14.763 14.762 "H" 2 0 1 1 2 0 2 0 1 1 2 0 1 1 2 0 2 0 2 0 0.00344400909695582 0.00263964051863522 "north" 1.30472656130331 "10/17/00" 2000 "RUMFS" "Mid" 17 176 1 0.68 "good" 0.004780302 0.008941311 0.002733415 6.7069e-05 2.739100134 6e-08 0.010552321 0.000217758 5.41e-07 1.8e-07 2 2
"PADE00_003" "PADE00_003" "10/17/2000" 10 17 2000 39.509379 -74.323945 "Little Egg Inlet, NJ" 16.647 16.546 14.071 14.087 14.079 "H" 2 0 1 1 2 0 2 0 2 0 2 0 2 0 2 0 2 0 2 0 0.00485992338739006 0.00345500204338745 "north" 1.40663401247229 "10/17/00" 2000 "RUMFS" "Mid" 15 189 1 0.35 "good" 0.003233747 0.021537091 0.001127974 0.000134212 3.012913532 2.58e-06 0.01345593 0.000230763 1.79747633377556e-08 2.22300179768354e-09 1 2
"PADE00_005" "PADE00_005" "11/21/2000" 11 21 2000 39.509379 -74.323945 "Little Egg Inlet, NJ" 13.383 13.421 11.052 11.009 11.0305 "H-" 0 2 2 0 2 0 2 0 2 0 2 0 0 2 2 0 2 0 2 0 0.000454314288445221 7.20488110204625e-05 "north" 6.30564588104295 "11/21/00" 2000 "RUMFS" "Mid" 13 146 1 0.64 "good" 0.002086509 0.007828418 0.000676623 0.000157533 3.316806919 2.492e-06 0.010738525 0.000221375 1.78e-07 5.33054848993197e-08 2 8
"PADE00_006" "PADE00_006" "11/21/2000" 11 21 2000 39.509379 -74.323945 "Little Egg Inlet, NJ" 15.366 15.475 12.838 12.851 12.8445 "H" 2 0 2 0 2 0 1 1 1 1 2 0 1 1 2 0 2 0 2 0 0.00736352113592296 0.0188004359036378 "south" 0.391667574819271 "11/21/00" 2000 "RUMFS" "Mid" 15 175 2 0.81 "excellent" 0.007042132 0.010313718 0.004210484 0.000152464 3.454327114 1.702e-06 0.011950242 0.000178751 4.24e-07 4.24e-07 2 2
"PADE00_008" "PADE00_008" "12/13/2000" 12 13 2000 39.509379 -74.323945 "Little Egg Inlet, NJ" 17.976 17.303 15.056 15.022 15.039 "G" 2 0 1 1 2 0 1 1 2 0 2 0 1 1 2 0 2 0 2 0 0.00947259189974814 0.00712567212943329 "north" 1.32936117852247 "12/13/00" 2000 "RUMFS" "Mid" 17 142 1 0.32 "good" 0.0013207 0.010616187 0.001378962 5.6605e-05 3.512817899 3.034e-06 0.009888451 0.000232078 1.75e-07 1.75e-07 2 2
"PADE01_003" "PADE01_003" "1/30/2001" 1 30 2001 39.509379 -74.323945 "Little Egg Inlet, NJ" 14.391 14.472 11.841 11.886 11.8635 "G" 2 0 2 0 1 1 2 0 2 0 1 1 2 0 2 0 1 1 NA NA 1.59115933497676e-05 7.95762237443459e-05 "south" 0.199954114446128 "1/30/01" 2001 "RUMFS" "Mid" 13 175 1 0.14 "excellent" 0.001647551 0.007523553 1.3321e-05 0.000178007 3.263016968 1.971e-06 0.006692291 0.00017279 9.19605020619929e-09 2.96e-07 2 8
"PADE01_004" "PADE01_004" "1/30/2001" 1 30 2001 39.509379 -74.323945 "Little Egg Inlet, NJ" 15.441 15.578 13.411 13.481 13.446 "H" 2 0 2 0 2 0 1 1 2 0 2 0 1 1 2 0 2 0 2 0 0.0140695850275671 0.0215089732795857 "south" 0.654126296252394 "1/30/01" 2001 "RUMFS" "Mid" 16 176 2 0.44 "good" 0.001123508 0.005204282 0.001286868 0.000115322 2.999282958 3.92532361671329e-09 0.010087529 0.000217227 8.21861851634458e-09 5.36e-07 2 8
"PADE01_005" "PADE01_005" "1/30/2001" 1 30 2001 39.509379 -74.323945 "Little Egg Inlet, NJ" 17.806 17.665 15.119 15.189 15.154 "H-" 1 1 1 1 2 0 1 1 2 0 1 1 1 1 2 0 2 0 2 0 0.00054002281037221 0.000665706964626853 "south" 0.811201983856227 "1/30/01" 2001 "RUMFS" "Mid" 18 169 1 0.69 "excellent" 0.001195162 0.025174281 0.001406949 0.000144503 3.401709247 1.492e-06 0.007274734 0.000190362 1.66e-07 4.98e-07 2 2
"PADE01_006" "PADE01_006" "2/6/2001" 2 6 2001 39.509379 -74.323945 "Little Egg Inlet, NJ" 16.825 16.608 13.993 13.947 13.97 "H-" 1 1 2 0 2 0 1 1 1 1 2 0 2 0 2 0 1 1 NA NA 0.000414725843877466 0.00295464099715767 "south" 0.140364208131014 "2/6/01" 2001 "RUMFS" "Mid" 15 130 1 0.69 "good" 0.000899613 0.005945962 0.001596723 0.000139073 3.169235002 2.059e-06 0.006201183 0.000191377 1.72e-07 7.44325258769095e-09 2 8
"PADE01_008" "PADE01_008" "2/14/2001" 2 14 2001 39.509379 -74.323945 "Little Egg Inlet, NJ" 14.873 14.049 12.324 12.162 12.243 "F" 1 1 2 0 2 0 2 0 2 0 2 0 1 1 2 0 2 0 2 0 0.007243677912086 0.00346732441007168 "north" 2.08912609706925 "2/14/01" 2001 "RUMFS" "Mid" 14 116 1 0.35 "excellent" 0.000940931 0.007027947 0.000801285 0.000118668 3.87754308 4.25e-07 0.007908795 0.000168592 1.27266881768592e-08 3.19e-07 2 8
"PADE01_009" "PADE01_009" "2/14/2001" 2 14 2001 39.509379 -74.323945 "Little Egg Inlet, NJ" 14.538 14.523 11.875 11.916 11.8955 "H-" 1 1 1 1 2 0 2 0 1 1 2 0 2 0 2 0 2 0 2 0 0.00188503883558523 0.00114868416039185 "north" 1.64104189870799 "2/14/01" 2001 "RUMFS" "Mid" 15 147 1 0.35 "good" 0.000763432 0.002059571 0.000887123 4.8568e-05 2.850715944 3.126e-06 0.005452243 0.000192114 1.84e-07 1.84e-07 2 8
"PADE01_012" "PADE01_012" "2/26/2001" 2 26 2001 39.509379 -74.323945 "Little Egg Inlet, NJ" 16.682 16.241 13.909 13.872 13.8905 "G" 2 0 2 0 2 0 1 1 2 0 2 0 2 0 2 0 2 0 2 0 0.0103908403185243 0.0246077236673226 "south" 0.422259306021168 "2/26/01" 2001 "RUMFS" "Mid" 16 111 1 0.78 "good" 0.000856787 0.006456333 0.002206282 0.000160714 2.815686127 1.514e-06 0.010369824 0.000170044 1.81e-07 1.81e-07 2 8
"PADE01_013" "PADE01_013" "3/14/2001" 3 14 2001 39.509379 -74.323945 "Little Egg Inlet, NJ" 16.368 16.415 13.573 13.661 13.617 "H-" 1 1 2 0 2 0 1 1 1 1 2 0 1 1 2 0 2 0 2 0 0.0054572288621561 0.00715108604923648 "south" 0.763132875843211 "3/14/01" 2001 "RUMFS" "Mid" 15 157 1 0.44 "good" 0.001164634 0.007887423 0.001037338 0.000120614 3.503344926 5.14803271740675e-10 0.01598369 0.000183749 3.57e-07 6.40532903373241e-09 2 8
"PADE01_014" "PADE01_014" "3/19/2001" 3 19 2001 39.509379 -74.323945 "Little Egg Inlet, NJ" 15.786 15.859 13.111 13.159 13.135 "G" 2 0 2 0 2 0 0 2 1 1 2 0 1 1 2 0 2 0 2 0 0.00264992958076208 0.0110901447746178 "south" 0.238944543521832 "3/19/01" 2001 "RUMFS" "Mid" 15 118 1 0.67 "excellent" 0.001946276 0.00276246 1.72692458184902e-07 2.83880899848223e-05 3.349325486 2.92030574753881e-09 0.015915468 0.000584851 4.49e-07 2.93700751522556e-08 3 1
"PADE01_015" "PADE01_015" "3/19/2001" 3 19 2001 39.509379 -74.323945 "Little Egg Inlet, NJ" 15.438 15.534 12.955 12.936 12.9455 "H-" 2 0 2 0 1 1 1 1 1 1 2 0 1 1 2 0 2 0 2 0 0.00205060082266209 0.00161724179816239 "north" 1.26796180075985 "3/19/01" 2001 "RUMFS" "Mid" 15 95 1 0.24 "good" 0.013176578 0.008098778 6.9467509265407e-07 0.000202276 3.217223975 3.818e-06 0.011816228 0.000446009 4.87789036240429e-10 4.35055775893852e-08 1 9
"PADE02_001" "PADE02_001" "10/15/2002" 10 15 2002 39.509379 -74.323945 "Little Egg Inlet, NJ" 14.656 14.837 12.244 12.295 12.2695 "H" 2 0 1 1 2 0 1 1 1 1 2 0 1 1 1 1 2 0 2 0 0.00114721743251758 0.000466294725998169 "north" 2.46028395466365 "10/15/02" 2002 "RUMFS" "Mid" 15 167 2 0.67 "excellent" 0.014744052 0.015902692 0.007052875 2.9437e-05 2.562515486 5.494e-06 0.005231776 0.00043727 3.30031796672847e-08 4.11e-07 1 6
"PADE02_004" "PADE02_004" "11/19/2002" 11 19 2002 39.509379 -74.323945 "Little Egg Inlet, NJ" 15.201 15.177 12.386 12.318 12.352 "H" 2 0 1 1 1 1 1 1 2 0 2 0 0 2 2 0 2 0 2 0 0.000892966246387138 0.000133943339111609 "north" 6.66674619514352 "11/19/02" 2002 "RUMFS" "Mid" 15 187 2 0.81 "good" 0.019658914 0.009303207 1.42958661851939e-07 0.000156552 2.36535345 4.496e-06 0.004791749 0.000399986 3.8846135828644e-08 1.33865547319874e-08 3 5
"PADE02_008" "PADE02_008" "12/18/2002" 12 18 2002 39.509379 -74.323945 "Little Egg Inlet, NJ" 14.458 15.549 12.839 12.891 12.865 "H-" 2 0 1 1 2 0 1 1 2 0 2 0 0 2 2 0 1 1 2 0 0.000195820495390934 0.000439649313083988 "south" 0.445401572488129 "12/18/02" 2002 "RUMFS" "Mid" 15 155 1 0.72 "excellent" 0.001709085 0.016056466 0.003547897 0.000191874 3.091195033 1.025e-06 0.00587639 0.000314207 1.92e-07 2.24983273213729e-08 2 2
"PADE02_009" "PADE02_009" "12/18/2002" 12 18 2002 39.509379 -74.323945 "Little Egg Inlet, NJ" 15.504 15.552 13.059 13.091 13.075 "G" 2 0 2 0 2 0 1 1 2 0 2 0 1 1 2 0 2 0 2 0 0.0140695850275671 0.0215089732795857 "south" 0.654126296252394 "12/18/02" 2002 "RUMFS" "Mid" 15 176 2 0.67 "good" 0.001828982 0.008925889 0.000980344 0.000239581 3.308877727 2.309e-06 0.007730937 0.00071407 2.16e-07 4.33e-07 3 10
"PADE08_021" "PADE08_021" "11/11/2008" 11 11 2008 39.509379 -74.323945 "Little Egg Inlet, NJ" 16.861 16.841 14.209 14.244 14.2265 "H-" 2 0 2 0 2 0 0 2 0 2 2 0 0 2 1 1 2 0 NA NA 4.57638693211684e-05 5.07094357560768e-05 "south" 0.902472461758446 "11/11/08" 2008 "RUMFS" "Late" 17 190 2 0.69 "good" 0.005230247 0.011342238 0.005667415 0.000171407 2.995380939 1.329e-06 0.006713476 0.00030864 2.9e-07 8.8134384714067e-09 2 10
"PADE08_023" "PADE08_023" "11/11/2008" 11 11 2008 39.509379 -74.323945 "Little Egg Inlet, NJ" 15.635 15.805 13.101 13.137 13.119 "H" 2 0 2 0 2 0 1 1 2 0 2 0 2 0 2 0 2 0 2 0 0.0103908403185243 0.0246077236673226 "south" 0.422259306021168 "11/11/08" 2008 "RUMFS" "Late" 16 124 1 0.38 "excellent" 0.006969297 0.02024263 0.002076865 0.000365122 3.335378608 3.92e-07 0.009628703 0.000297684 1.64706225399859e-08 3.55e-07 2 3
"PADE08_024" "PADE08_024" "1/16/2008" 1 16 2008 38.792924 -75.158649 "Roosevelt Inlet, DE" 17.893 NA 15.281 NA 15.281 "H-" 2 0 2 0 2 0 0 2 1 1 2 0 1 1 2 0 2 0 2 0 0.00264992958076208 0.0110901447746178 "south" 0.238944543521832 "1/16/08" 2008 "Roosevelt" "Late" 17 200 1 0.15 "good" 0.002138207 0.004389359 0.014054923 0.003692142 3.256791227 1.699e-06 0.013231915 0.000740347 7.6e-08 3.8e-07 2 10
"PADE08_025" "PADE08_025" "1/16/2008" 1 16 2008 38.792924 -75.158649 "Roosevelt Inlet, DE" 15.914 16.239 13.553 13.662 13.6075 "H+" 2 0 2 0 1 1 1 1 1 1 2 0 2 0 2 0 2 0 2 0 0.0015144345525165 0.00185023426060952 "south" 0.818509625920343 "1/16/08" 2008 "Roosevelt" "Late" 16 245 1 0.22 "good" 0.004100111 0.01656039 0.002679224 0.000194748 2.806600712 1.226e-06 0.006507609 0.000449166 2.04e-07 5.50995505275205e-08 2 10
"PADE08_026" "PADE08_026" "1/16/2008" 1 16 2008 38.792924 -75.158649 "Roosevelt Inlet, DE" 17.783 17.908 14.611 14.655 14.633 "H+" 2 0 2 0 2 0 1 1 2 0 2 0 1 1 2 0 2 0 2 0 0.0140695850275671 0.0215089732795857 "south" 0.654126296252394 "1/16/08" 2008 "Roosevelt" "Late" 18 276 1 0.66 "excellent" 0.002276724 0.010837905 0.005501738 6.9479e-05 3.011298048 3.619e-06 0.006047377 0.000437272 4.60313002858311e-09 2.31e-07 2 3
"PADE08_027" "PADE08_027" "2/22/2008" 2 22 2008 38.792924 -75.158649 "Roosevelt Inlet, DE" 15.964 16.126 13.61 13.609 13.61 "G" 1 1 2 0 2 0 0 2 2 0 1 1 2 0 2 0 2 0 2 0 0.000213178176785808 0.00135611963192589 "south" 0.157197176242529 "2/22/08" 2008 "Roosevelt" "Late" 16 202 1 0.64 "excellent" 0.001533266 0.01715948 0.002734887 0.000188699 4.076617642 7.1e-08 0.009595034 0.000447966 2.12e-07 6.28372150473297e-09 2 10
"PADE08_028" "PADE08_028" "2/22/2008" 2 22 2008 38.792924 -75.158649 "Roosevelt Inlet, DE" 16.192 16.266 13.591 13.581 13.586 "H-" 2 0 2 0 1 1 1 1 1 1 1 1 1 1 2 0 2 0 1 1 9.40364282581729e-05 0.000104033098127405 "south" 0.903908755490588 "2/22/08" 2008 "Roosevelt" "Late" 16 224 1 0.64 "excellent" 0.001724743 0.01313806 0.004355703 0.000134912 3.567886533 3.049e-06 0.014770217 0.00044336 4.16e-07 4.16e-07 2 10
"PADE08_029" "PADE08_029" "2/22/2008" 2 22 2008 38.792924 -75.158649 "Roosevelt Inlet, DE" 16.661 16.824 13.919 13.961 13.94 "G" 2 0 2 0 2 0 0 2 2 0 1 1 1 1 2 0 2 0 2 0 0.000389481408161461 0.00311632078858574 "south" 0.124981166761788 "2/22/08" 2008 "Roosevelt" "Late" 16 166 1 0.42 "good" 0.001918224 0.011707543 0.004443624 0.000238563 3.045417649 1.85396507196128e-09 0.005975122 0.000420606 1.99e-07 1.99e-07 2 10
"PADE08_030" "PADE08_030" "2/22/2008" 2 22 2008 38.792924 -75.158649 "Roosevelt Inlet, DE" 15.513 15.942 12.852 12.888 12.87 "G" 2 0 2 0 2 0 1 1 2 0 2 0 2 0 2 0 2 0 2 0 0.0103908403185243 0.0246077236673226 "south" 0.422259306021168 "2/22/08" 2008 "Roosevelt" "Late" 15 213 1 0.65 "excellent" 0.002001766 0.006988496 0.002923287 0.000168142 3.357474538 1.42042756825686e-09 0.008768956 0.000368701 8.82e-07 1.76e-07 2 10
"PADE08_031" "PADE08_031" "3/10/2008" 3 10 2008 38.792924 -75.158649 "Roosevelt Inlet, DE" 15.046 14.981 12.542 12.511 12.5265 "G" 2 0 2 0 2 0 0 2 2 0 2 0 2 0 2 0 1 1 2 0 0.000228359013175135 0.0040985765790914 "south" 0.0557166637656821 "3/10/08" 2008 "Roosevelt" "Late" 15 245 1 0.55 "excellent" 0.001541987 0.013535899 0.003542493 0.000214317 3.616771846 1.134e-06 0.005776976 0.00039523 1.74487634631805e-08 1.79e-07 2 3
"PADE08_032" "PADE08_032" "3/10/2008" 3 10 2008 38.792924 -75.158649 "Roosevelt Inlet, DE" 14.673 14.669 11.863 11.892 11.8775 "H-" 2 0 1 1 2 0 1 1 2 0 1 1 2 0 2 0 2 0 2 0 0.000538139483366073 0.00200230751183897 "south" 0.268759658635966 "3/10/08" 2008 "Roosevelt" "Late" 15 235 1 0.67 "excellent" 0.001268884 0.01591002 0.006112326 0.000212512 3.41233954 3.542e-06 0.008006231 0.000406756 1.97e-07 4.58801282057539e-08 2 10
"PADE08_033" "PADE08_033" "3/10/2008" 3 10 2008 38.792924 -75.158649 "Roosevelt Inlet, DE" 13.841 13.763 11.169 11.232 11.2005 "F" 2 0 0 2 1 1 2 0 1 1 2 0 2 0 2 0 2 0 2 0 0.00011922211157735 2.151541611556e-05 "north" 5.54124126333435 "3/10/08" 2008 "Roosevelt" "Late" 14 171 1 0.56 "excellent" 0.002061364 0.002264702 0.007759719 0.00047337 3.582032238 2.39e-06 0.009127282 0.000372625 2.87e-07 5.74e-07 2 10
"PADE08_034" "PADE08_034" "10/22/2008" 10 22 2008 38.792924 -75.158649 "Roosevelt Inlet, DE" 13.959 14.047 11.619 11.507 11.563 "H+" 0 2 1 1 1 1 1 1 1 1 1 1 2 0 2 0 2 0 2 0 1.07698080817991e-05 5.44545574336894e-06 "north" 1.9777606483927 "10/29/08" 2008 "Roosevelt" "Late" 14 276 1 0.35 "good" 0.009269201 0.013362792 0.00487632 0.000548734 2.686191968 2.76e-06 0.002618673 0.000394827 3.94e-07 5.91e-07 2 10
"PADE08_037" "PADE08_037" "11/24/2008" 11 24 2008 38.792924 -75.158649 "Roosevelt Inlet, DE" 13.621 13.761 11.041 11.184 11.1125 "H" 1 1 2 0 2 0 2 0 2 0 2 0 2 0 2 0 0 2 2 0 4.98776410068209e-06 7.90625611774013e-05 "south" 0.0630862955412044 "11/24/08" 2008 "Roosevelt" "Late" 14 224 1 0.38 "good" 0.001648921 0.004596833 7.99009070214815e-07 0.000168666 2.627755928 3.34e-07 0.001473282 0.000432204 2.79932014646474e-08 3.22910282341763e-08 3 1
"PADE08_038" "PADE08_038" "11/24/2008" 11 24 2008 38.792924 -75.158649 "Roosevelt Inlet, DE" 12.738 12.571 10.279 10.205 10.242 "H" 2 0 2 0 2 0 1 1 2 0 2 0 1 1 2 0 2 0 2 0 0.0140695850275671 0.0215089732795857 "south" 0.654126296252394 "11/24/08" 2008 "Roosevelt" "Late" 12 231 1 0.77 "excellent" 0.00337503 0.00675461 0.003038535 0.000318802 3.485266231 1.397e-06 0.005204872 0.000345031 2.21e-07 2.92161595914513e-08 2 10
"PADE08_039" "PADE08_039" "11/24/2008" 11 24 2008 38.792924 -75.158649 "Roosevelt Inlet, DE" 14.011 14.091 11.349 11.381 11.365 "H+" 2 0 1 1 2 0 1 1 1 1 2 0 2 0 2 0 2 0 2 0 0.00366136022327571 0.00712567212943329 "south" 0.51382664775609 "11/24/08" 2008 "Roosevelt" "Late" 14 211 1 0.3 "good" 0.010501853 0.005428774 0.002104482 0.000463877 2.743492413 1.752e-06 0.004973627 0.000389317 4.2e-07 2.1e-07 2 10
"PADE08_040" "PADE08_040" "11/24/2008" 11 24 2008 38.792924 -75.158649 "Roosevelt Inlet, DE" 16.271 16.408 13.373 13.448 13.4105 "H+" 1 1 2 0 2 0 2 0 2 0 2 0 1 1 2 0 1 1 2 0 0.000442362009898382 0.00097900924519671 "south" 0.451846611325411 "11/24/08" 2008 "Roosevelt" "Late" 16 255 2 0.69 "good" 0.003054827 0.01943604 1.26590883290977e-06 0.000291374 3.220915039 1.262e-06 0.00784911 0.000364301 2.7785744973924e-08 5.97838121233508e-08 3 4
"PADE08_042" "PADE08_042" "11/24/2008" 11 24 2008 38.792924 -75.158649 "Roosevelt Inlet, DE" 14.704 14.637 12.112 12.076 12.094 "H+" 2 0 2 0 2 0 1 1 2 0 2 0 0 2 2 0 2 0 2 0 0.00476268561492178 0.00470010897590946 "north" 1.01331386981303 "11/24/08" 2008 "Roosevelt" "Late" 14 247 2 0.74 "excellent" 0.00421433 0.00727782 0.000423725 0.00022793 3.445513353 1.64592729881406e-10 0.006126871 0.00036497 2.1789954258129e-09 1.60580191668123e-08 2 3
"PADE08_043" "PADE08_043" "12/10/2008" 12 10 2008 38.792924 -75.158649 "Roosevelt Inlet, DE" 13.251 13.203 10.551 10.589 10.57 "H+" 2 0 2 0 2 0 1 1 1 1 2 0 2 0 2 0 2 0 2 0 0.00543819680221833 0.0215089732795857 "south" 0.252833862943135 "12/10/08" 2008 "Roosevelt" "Late" 13 229 1 0.73 "excellent" 0.002376498 0.028185509 0.00504831 0.000360637 3.3793592 3.352e-06 0.008414829 0.000819252 4.28e-07 4.15423737326637e-08 3 10
"PADE08_058" "PADE08_058" "1/7/2008" 1 7 2008 37.248307 -76.499517 "York River, VA" 16.222 16.268 13.445 13.468 13.4565 "H+" 2 0 0 2 1 1 2 0 1 1 1 1 1 1 2 0 2 0 2 0 1.24177832412147e-05 4.61903410304161e-06 "north" 2.68839392916317 "1/7/08" 2008 "York" "Late" 15 214 2 0.77 "good" 0.08637627 0.006529718 1.1704e-05 0.001360658 2.871510088 7.762e-06 0.006089368 0.000596816 2.053e-06 4.15222833445296e-08 3 5
"PADE08_059" "PADE08_059" "1/22/2008" 1 22 2008 37.248307 -76.499517 "York River, VA" 18.015 18.075 15.046 15.004 15.025 "H+" 0 2 2 0 2 0 1 1 1 1 2 0 1 1 2 0 2 0 2 0 0.00101111093131319 0.000680011250080769 "north" 1.4869032404877 "1/22/08" 2008 "York" "Late" 18 294 2 0.94 "good" 0.00287964 0.01400867 1.5827e-05 0.00020894 3.244333624 1.1451e-05 0.004826616 0.000485882 9.08035938022658e-09 2.81628491124138e-08 3 9
"PADE09_025" "PADE09_025" "3/4/2009" 3 4 2009 39.509379 -74.323945 "Little Egg Inlet, NJ" 17.556 17.401 14.545 14.401 14.473 "H-" 2 0 2 0 2 0 1 1 2 0 1 1 1 1 2 0 1 1 NA NA 0.000111367247464191 0.00190789212097165 "south" 0.0583718787032225 "3/4/09" 2009 "RUMFS" "Late" 18 184 1 0.25 "excellent" 0.004262124 0.017511165 0.000137229 0.000190855 2.982781693 4.684e-06 0.00565937 0.000247251 2.44e-07 2.44e-07 2 7
"PADE09_026" "PADE09_026" "3/4/2009" 3 4 2009 39.509379 -74.323945 "Little Egg Inlet, NJ" 17.666 17.731 14.503 14.533 14.518 "H" 2 0 2 0 2 0 1 1 1 1 2 0 2 0 2 0 2 0 NA NA 0.00916338172341245 0.027511122994368 "south" 0.333079159483542 "3/4/09" 2009 "RUMFS" "Late" 18 200 1 0.61 "good" 0.006154118 0.015056381 2.4155e-05 0.000292873 3.378094342 3.62e-06 0.007349975 0.000256681 2.59e-07 1.99207874340937e-08 3 7
"PADE09_027" "PADE09_027" "1/14/2009" 1 14 2009 38.792924 -75.158649 "Roosevelt Inlet, DE" 16.773 16.775 13.933 13.939 13.936 "H-" 1 1 2 0 2 0 1 1 1 1 2 0 1 1 2 0 0 2 2 0 5.08802877422632e-06 0.000142526836137032 "south" 0.0356987421606304 "1/14/09" 2009 "Roosevelt" "Late" 17 197 1 0.36 "good" 0.001292336 0.005873396 4.89788111974252e-07 0.000221279 3.140005136 2.90230638347566e-09 0.004859817 0.000542258 1.79e-07 4.60981458099559e-08 3 1
"PADE09_028" "PADE09_028" "1/14/2009" 1 14 2009 38.792924 -75.158649 "Roosevelt Inlet, DE" 15.166 15.151 12.701 12.685 12.693 "H-" 1 1 2 0 2 0 2 0 2 0 2 0 1 1 2 0 2 0 2 0 0.007243677912086 0.00346732441007168 "north" 2.08912609706925 "1/14/09" 2009 "Roosevelt" "Late" 15 215 1 0.65 "good" 0.001200547 0.020781353 0.003927788 0.000138914 2.924374581 1.063e-06 0.005666528 0.000515286 4.25e-07 2.13e-07 2 10
"PADE09_029" "PADE09_029" "1/14/2009" 1 14 2009 38.792924 -75.158649 "Roosevelt Inlet, DE" 15.512 15.636 12.627 12.766 12.6965 "H" 2 0 2 0 2 0 1 1 2 0 2 0 0 2 2 0 2 0 2 0 0.00476268561492178 0.00470010897590946 "north" 1.01331386981303 "1/14/09" 2009 "Roosevelt" "Late" 16 164 1 0.42 "good" 0.001347134 0.007713721 0.004269898 0.000196159 3.495487552 5.404e-06 0.005483287 0.000329977 5.27957008453086e-09 1.84e-07 2 3
"PADE09_030" "PADE09_030" "2/11/2009" 2 11 2009 38.792924 -75.158649 "Roosevelt Inlet, DE" 16.241 16.355 13.516 13.578 13.547 "G" 1 1 2 0 2 0 0 2 2 0 2 0 2 0 1 1 2 0 2 0 0.000641296333471355 0.000413362668554951 "north" 1.55141328004588 "2/11/09" 2009 "Roosevelt" "Late" 17 178 1 0.55 "excellent" 0.001254998 0.008697285 0.002161915 8.1585e-05 3.191709416 5.13e-07 0.004462182 0.000304308 7.84242275054566e-09 3.83468456519768e-08 2 3
"PADE09_031" "PADE09_031" "2/11/2009" 2 11 2009 38.792924 -75.158649 "Roosevelt Inlet, DE" 16.851 16.825 14.114 14.082 14.098 "G" 2 0 1 1 2 0 1 1 2 0 2 0 0 2 2 0 2 0 2 0 0.00320656061202654 0.00155709131717246 "north" 2.05932727044511 "2/11/09" 2009 "Roosevelt" "Late" 17 189 1 0.64 "excellent" 0.00140519 0.016147773 0.003292496 0.000135003 3.373847882 3.221e-06 0.006021994 0.00033132 1.72e-07 8.04140771739185e-09 2 10
"PADE09_032" "PADE09_032" "2/11/2009" 2 11 2009 38.792924 -75.158649 "Roosevelt Inlet, DE" 16.732 16.771 13.908 13.979 13.9435 "G" 2 0 2 0 2 0 0 2 2 0 2 0 2 0 2 0 2 0 2 0 0.00373937884074283 0.0145157920509487 "south" 0.257607633646036 "2/11/09" 2009 "Roosevelt" "Late" 17 164 1 0.29 "excellent" 0.00567043 0.008848877 0.001622297 0.000210341 3.720780979 1.623e-06 0.007186381 0.000329473 7.61e-07 3.04e-07 2 10
"PADE09_033" "PADE09_033" "2/11/2009" 2 11 2009 38.792924 -75.158649 "Roosevelt Inlet, DE" 16.731 16.702 13.814 13.712 13.763 "G" 2 0 2 0 1 1 2 0 0 2 2 0 1 1 1 1 2 0 2 0 4.31309733931993e-05 1.12129618830801e-05 "north" 3.84652813796524 "2/11/09" 2009 "Roosevelt" "Late" 16 194 1 0.67 "excellent" 0.001361708 0.018958625 0.004359936 9.0807e-05 3.346884243 1.334e-06 0.005896637 0.00035838 1.91e-07 1.25043931463733e-08 2 10
"PADE09_034" "PADE09_034" "2/11/2009" 2 11 2009 38.792924 -75.158649 "Roosevelt Inlet, DE" 17.535 17.502 14.368 14.349 14.3585 "H-" 2 0 1 1 1 1 1 1 2 0 2 0 1 1 2 0 2 0 1 1 0.00157261627936422 0.000160537416126505 "north" 9.79594861627138 "2/11/09" 2009 "Roosevelt" "Late" 17 195 1 0.59 "excellent" 0.001191302 0.008796208 0.002813265 0.000146658 3.408341365 2.42e-07 0.004902115 0.000370708 2.26308264308609e-08 3.58e-07 2 3
"PADE09_035" "PADE09_035" "3/16/2009" 3 16 2009 38.792924 -75.158649 "Roosevelt Inlet, DE" 15.474 15.425 13.094 13.111 13.1025 "H" 1 1 2 0 2 0 1 1 1 1 2 0 1 1 2 0 1 1 2 0 0.000333265884711823 0.00201913017860795 "south" 0.165054184342679 "3/16/09" 2009 "Roosevelt" "Late" 15 199 1 0.67 "excellent" 0.003181727 0.008729484 0.004300921 0.000222776 3.735154706 1.443e-06 0.00529751 0.000368192 5.8e-08 4.052690198645e-08 2 10
"PADE09_036" "PADE09_036" "3/16/2009" 3 16 2009 38.792924 -75.158649 "Roosevelt Inlet, DE" 15.699 15.801 12.869 12.879 12.874 "H+" 2 0 1 1 2 0 1 1 2 0 2 0 2 0 2 0 2 0 2 0 0.00699581328375895 0.00815225201248723 "south" 0.858144874942911 "3/16/09" 2009 "Roosevelt" "Late" 16 125 1 0.41 "excellent" 0.001170778 0.007623898 0.00233424 0.000177978 3.438952638 2.075e-06 0.004502254 0.000313131 5.19e-07 4.10993031458929e-08 2 10
"PADE09_037" "PADE09_037" "3/16/2009" 3 16 2009 38.792924 -75.158649 "Roosevelt Inlet, DE" 15.761 15.674 12.821 12.861 12.841 "H-" 1 1 1 1 2 0 1 1 1 1 1 1 2 0 2 0 2 0 2 0 0.000208730414915367 0.000665706964626853 "south" 0.31354698990173 "3/16/09" 2009 "Roosevelt" "Late" 16 153 1 0.5 "excellent" 0.001418784 0.018825085 9.6352e-05 0.000204927 3.870807317 2.101e-06 0.006866221 0.000374981 1.57e-07 1.57e-07 3 7
"PADE09_038" "PADE09_038" "10/20/2009" 10 20 2009 38.792924 -75.158649 "Roosevelt Inlet, DE" 14.481 14.517 11.995 12.071 12.033 "H+" 1 1 2 0 2 0 0 2 1 1 2 0 1 1 2 0 2 0 2 0 0.00196390720198611 0.004218337276235 "south" 0.46556429071005 "10/20/09" 2009 "Roosevelt" "Late" 14 215 1 0.45 "good" 0.005671326 0.030827251 6.82307811520994e-07 0.000137408 2.276903958 1.021e-06 0.011259741 0.000384985 2.03546138252132e-08 3.353939387016e-09 3 4
"PADE09_039" "PADE09_039" "10/20/2009" 10 20 2009 38.792924 -75.158649 "Roosevelt Inlet, DE" 16.333 16.313 13.413 13.355 13.384 "I" 2 0 1 1 2 0 2 0 2 0 2 0 1 1 2 0 1 1 2 0 0.000401863656896699 0.000852685471622941 "south" 0.471291783747435 "10/20/09" 2009 "Roosevelt" "Late" 17 243 2 0.63 "good" 0.009467424 0.038638875 0.003468086 0.000466262 2.378985271 3.047e-06 0.005285849 0.000343479 4.69e-07 2.34e-07 2 7
"PADE09_040" "PADE09_040" "10/20/2009" 10 20 2009 38.792924 -75.158649 "Roosevelt Inlet, DE" 14.484 14.629 11.934 11.982 11.958 "H+" 2 0 2 0 2 0 1 1 1 1 2 0 0 2 2 0 2 0 2 0 0.00249262050874411 0.00410824340116531 "south" 0.606736326293879 "10/20/09" 2009 "Roosevelt" "Late" 14 219 2 0.78 "good" 0.017267998 0.013587755 1.03738255845825e-06 0.000308413 3.63411617 3.4905835269019e-09 0.01163796 0.000420961 1.96e-07 5.7634619968012e-08 3 5
"PADE09_042" "PADE09_042" "11/18/2009" 11 18 2009 38.792924 -75.158649 "Roosevelt Inlet, DE" 15.029 14.988 12.196 12.269 12.2325 "H+" 2 0 2 0 2 0 0 2 2 0 2 0 2 0 2 0 2 0 2 0 0.00373937884074283 0.0145157920509487 "south" 0.257607633646036 "11/18/09" 2009 "Roosevelt" "Late" 15 237 2 0.69 "excellent" 0.002232768 0.011044899 0.005989444 0.000155039 3.280330638 1.398e-06 0.008970746 0.000440501 2.21e-07 6.62e-07 2 10
"PADE09_043" "PADE09_043" "11/18/2009" 11 18 2009 38.792924 -75.158649 "Roosevelt Inlet, DE" 13.818 13.535 11.535 11.364 11.4495 "H-" 2 0 1 1 0 2 2 0 2 0 2 0 2 0 2 0 1 1 1 1 3.43034382920216e-06 4.72648305102501e-07 "north" 7.25770893954277 "11/18/09" 2009 "Roosevelt" "Late" 13 175 2 0.76 "excellent" 0.002699922 0.011543918 0.005053531 0.000230279 3.673496588 6.4e-08 0.007353433 0.00045855 9.15693747578189e-09 4.03e-07 2 3
"PADE09_044" "PADE09_044" "11/18/2009" 11 18 2009 38.792924 -75.158649 "Roosevelt Inlet, DE" 14.167 14.127 11.972 12.057 12.0145 "G" 1 1 2 0 2 0 1 1 2 0 2 0 2 0 2 0 2 0 1 1 0.00459087693104657 0.00245142675155039 "north" 1.87273673510461 "11/18/09" 2009 "Roosevelt" "Late" 13 134 1 0.7 "excellent" 0.001209579 0.011137163 0.001167417 0.000252205 3.316818976 1.29616388026625e-09 0.005680797 0.000449156 3.52e-07 3.27265194430947e-08 2 10
"PADE09_047" "PADE09_047" "12/14/2009" 12 14 2009 38.792924 -75.158649 "Roosevelt Inlet, DE" 16.056 16.172 13.139 13.23 13.1845 "H" 1 1 1 1 2 0 1 1 2 0 2 0 2 0 2 0 2 0 2 0 0.00518471441334419 0.0031008565937068 "north" 1.67202650514912 "12/14/09" 2009 "Roosevelt" "Late" 16 201 1 0.67 "excellent" 0.00327626 0.009413446 0.000566455 0.000232517 3.494435261 2.749e-06 0.011375651 0.000631489 2.06e-07 2.06e-07 3 10
"PADE09_048" "PADE09_048" "12/14/2009" 12 14 2009 38.792924 -75.158649 "Roosevelt Inlet, DE" 14.639 14.597 12.001 12.036 12.0185 "H" 2 0 2 0 2 0 1 1 2 0 2 0 0 2 2 0 2 0 2 0 0.00476268561492178 0.00470010897590946 "north" 1.01331386981303 "12/14/09" 2009 "Roosevelt" "Late" 14 185 2 0.73 "good" 0.010392363 0.00544789 9.3635068929079e-07 0.000227752 3.373061181 1.393e-06 0.006703347 0.000638738 2.09e-07 4.12650929996744e-08 3 1
"PADE09_063" "PADE09_063" "1/12/2009" 1 12 2009 37.248307 -76.499517 "York River, VA" 17.002 17.047 14.906 14.805 14.8555 "H" 2 0 2 0 2 0 2 0 1 1 2 0 0 2 2 0 2 0 2 0 0.0017315992029771 0.00174111267954149 "south" 0.994535978816204 "1/12/09" 2009 "York" "Late" 17 149 1 0.86 "good" 0.0949879 0.007062555 3.7023e-05 0.000627994 3.155496873 2.344e-06 0.00892588 0.000394699 1.64864241709001e-08 3.19e-07 3 5
"PADE09_067" "PADE09_067" "2/11/2009" 2 11 2009 37.248307 -76.499517 "York River, VA" 16.978 17.063 14.331 14.326 14.3285 "H" 2 0 1 1 2 0 1 1 2 0 2 0 2 0 2 0 2 0 2 0 0.00699581328375895 0.00815225201248723 "south" 0.858144874942911 "2/11/09" 2009 "York" "Late" 17 167 1 0.76 "excellent" 0.006560355 0.030688851 7.0586e-05 6.8632e-05 2.970850222 5.62e-07 0.010306717 0.000369494 4.22e-07 3.97957318089902e-08 3 7
"PADE09_069" "PADE09_069" "2/26/2009" 2 26 2009 37.248307 -76.499517 "York River, VA" 17.282 17.171 14.441 14.427 14.434 "H-" 1 1 2 0 2 0 1 1 1 1 1 1 2 0 2 0 2 0 2 0 0.000310026057447824 0.00200944880063291 "south" 0.154284128737282 "2/26/09" 2009 "York" "Late" 17 167 1 0.5 "excellent" 0.009717208 0.0133644 6.3053e-05 0.000121429 3.003882542 6.149e-06 0.004956326 0.000361324 2.80410742429085e-08 5.61814441205934e-08 3 9
"PADE10_013" "PADE10_013" "1/18/2010" 1 18 2010 38.792924 -75.158649 "Roosevelt Inlet, DE" 15.382 15.454 12.547 12.549 12.548 "H" 2 0 1 1 2 0 0 2 2 0 2 0 1 1 2 0 2 0 2 0 0.00340892638430427 0.00420334591904773 "south" 0.811003055650619 "1/18/10" 2010 "Roosevelt" "Late" 16 187 1 0.69 "excellent" 0.001562107 0.005550762 5.82136676133377e-07 7.7841e-05 3.275462906 4.4e-07 0.018425291 0.000758923 3.77e-07 6.06526883784681e-09 3 1
"PADE10_014" "PADE10_014" "1/18/2010" 1 18 2010 38.792924 -75.158649 "Roosevelt Inlet, DE" 16.771 16.613 13.682 13.697 13.6895 "H+" 2 0 2 0 2 0 1 1 2 0 2 0 2 0 2 0 2 0 2 0 0.0103908403185243 0.0246077236673226 "south" 0.422259306021168 "1/18/10" 2010 "Roosevelt" "Late" 16 212 1 0.77 "excellent" 0.001553662 0.008618414 0.000751892 0.000184965 3.135085903 1.53e-06 0.005591915 0.000343258 2.36277264242526e-08 2.18e-07 2 3
"PADE10_015" "PADE10_015" "1/18/2010" 1 18 2010 38.792924 -75.158649 "Roosevelt Inlet, DE" 17.241 17.199 13.842 13.756 13.799 "H+" 2 0 2 0 2 0 0 2 1 1 1 1 2 0 2 0 2 0 2 0 0.00015054292960575 0.00311632078858574 "south" 0.0483079053212843 "1/18/10" 2010 "Roosevelt" "Late" 18 235 1 0.7 "good" 0.00261289 0.005399736 8.61517780816648e-07 0.000343773 3.42222612 1.816e-06 0.008294491 0.000334992 1.20100575294346e-08 2.17e-07 3 1
"PADE10_016" "PADE10_016" "2/4/2010" 2 4 2010 38.792924 -75.158649 "Roosevelt Inlet, DE" 15.484 15.479 12.708 12.788 12.748 "H-" 1 1 2 0 2 0 0 2 1 1 2 0 1 1 1 1 2 0 2 0 0.000454457864922406 0.000315811346883904 "north" 1.43901689855833 "2/4/10" 2010 "Roosevelt" "Late" 15 199 1 0.73 "good" 0.002607533 0.007496244 0.004037723 9.536e-05 3.246276928 2.97550910059363e-09 0.007595856 0.000303147 1.17692926602904e-08 3.15116888238117e-08 2 3
"PADE10_017" "PADE10_017" "3/29/2010" 3 29 2010 38.792924 -75.158649 "Roosevelt Inlet, DE" 15.933 16.051 13.148 13.131 13.1395 "H" 2 0 1 1 2 0 1 1 1 1 2 0 1 1 1 1 2 0 2 0 0.00114721743251758 0.000466294725998169 "north" 2.46028395466365 "3/29/10" 2010 "Roosevelt" "Late" 16 182 2 0.81 "excellent" 0.001253403 0.008953103 0.002289929 0.000144801 3.544347919 2.313e-06 0.006719103 0.000337622 7.04632632387802e-09 1.59731883415952e-08 2 3
"PADE10_047" "PADE10_047" "1/14/2010" 1 14 2010 37.248307 -76.499517 "York River, VA" 16.283 16.338 13.293 13.311 13.302 "H" 1 1 2 0 2 0 1 1 2 0 2 0 2 0 2 0 2 0 NA NA 0.0129759199857822 0.0119719298878476 "north" 1.08386200949554 "1/14/10" 2010 "York" "Late" 16 219 2 0.8 "good" 0.006946404 0.022491342 0.000116479 0.000237232 3.251608692 6.352e-06 0.008415462 0.000405575 3.46205843647476e-08 5.49737904220819e-08 3 4
"PADE10_048" "PADE10_048" "1/14/2010" 1 14 2010 37.248307 -76.499517 "York River, VA" 14.963 15.166 12.378 12.473 12.4255 "H" 2 0 2 0 1 1 1 1 2 0 2 0 0 2 2 0 2 0 NA NA 0.00223484991445267 0.000517134609850326 "north" 4.32160190380509 "1/14/10" 2010 "York" "Late" 14 165 1 0.39 "excellent" 0.002244957 0.023954123 2.9646e-05 0.0001155 2.972953243 5.93e-07 0.01079345 0.000354759 4.82535851513967e-09 1.2e-07 3 4
"PADE10_050" "PADE10_050" "1/19/2010" 1 19 2010 37.248307 -76.499517 "York River, VA" 17.212 17.186 13.974 14.059 14.0165 "H+" 1 1 2 0 2 0 1 1 2 0 1 1 2 0 2 0 2 0 2 0 0.000592371216909236 0.00229894566174104 "south" 0.25767082135409 "1/19/10" 2010 "York" "Late" 17 216 2 0.78 "excellent" 0.002944432 0.04331347 0.000130578 0.000169046 3.137990373 7.46e-06 0.009189204 0.000375672 6.05e-07 4.93959666090086e-08 3 7
"PADE10_051" "PADE10_051" "1/29/2010" 1 29 2010 37.248307 -76.499517 "York River, VA" 17.315 17.413 14.464 14.446 14.455 "H" 2 0 1 1 2 0 2 0 1 1 2 0 1 1 2 0 2 0 2 0 0.00344400909695582 0.00263964051863522 "north" 1.30472656130331 "1/29/10" 2010 "York" "Late" 17 181 2 0.75 "excellent" 0.002791357 0.024166324 1.5993e-05 0.000170782 3.541210256 3.14892635587603e-09 0.007008034 0.000429707 5.65e-07 1.18626750307158e-08 3 7
"PADE10_052" "PADE10_052" "2/2/2010" 2 2 2010 37.248307 -76.499517 "York River, VA" 15.425 15.419 12.494 12.572 12.533 "H-" 2 0 1 1 2 0 1 1 1 1 2 0 1 1 2 0 2 0 2 0 0.00495761819052239 0.00622836526868984 "south" 0.795974220626473 "2/2/10" 2010 "York" "Late" 15 141 1 0.67 "excellent" 0.002529429 0.006313244 2.9152e-05 9.26868705244735e-07 3.858706947 3.091e-06 0.008306751 0.000921659 2.90428558294661e-09 2.5e-07 3 9
"PADE10_053" "PADE10_053" "2/13/2010" 2 13 2010 37.248307 -76.499517 "York River, VA" 18.361 18.469 15.121 15.186 15.1535 "H+" 1 1 2 0 2 0 1 1 2 0 1 1 0 2 2 0 2 0 2 0 0.000271515853095892 0.000439101774953117 "south" 0.618343784023378 "2/13/10" 2010 "York" "Late" 18 224 1 0.33 "good" 0.003635947 0.009530638 2.6553e-05 0.000619735 2.147142529 1.04e-06 0.001051954 0.000841002 3.96099503338337e-09 5.67e-07 3 9
"PADE10_054" "PADE10_054" "2/13/2010" 2 13 2010 37.248307 -76.499517 "York River, VA" 16.423 16.296 13.415 13.435 13.425 "H+" 0 2 2 0 2 0 1 1 2 0 2 0 1 1 2 0 2 0 2 0 0.00193194410090198 0.000777978972550033 "north" 2.48328575587271 "2/13/10" 2010 "York" "Late" 17 205 2 0.74 "excellent" 0.005310386 0.017468567 6.609e-06 9.134e-05 3.807690317 2.54724300466478e-10 0.008919697 0.000747864 4.41e-07 3.17074836418033e-08 3 7
"PADE10_055" "PADE10_055" "2/17/2010" 2 17 2010 37.248307 -76.499517 "York River, VA" 17.358 17.267 14.133 14.188 14.1605 "H" 2 0 2 0 2 0 1 1 2 0 2 0 1 1 2 0 2 0 2 0 0.0140695850275671 0.0215089732795857 "south" 0.654126296252394 "2/17/10" 2010 "York" "Late" 17 173 2 0.73 "excellent" 0.002828545 0.01385574 0.000106936 7.5719e-05 3.243959909 4.303e-06 0.008082464 0.00073989 2.02411625878885e-08 4.93334618769586e-08 3 9
"PADE11_015" "PADE11_015" "1/5/2011" 1 5 2011 37.248307 -76.499517 "York River, VA" 12.088 12.204 9.475 9.411 9.443 "H+" 2 0 2 0 2 0 2 0 1 1 2 0 2 0 2 0 2 0 2 0 0.00377786238030212 0.00911570772325297 "south" 0.414434347282251 "1/5/11" 2011 "York" "Late" 11 180 1 0.79 "excellent" 0.004583218 0.024232693 3.5364e-05 0.000165896 3.958045705 1.64e-07 0.008589295 0.000756773 4.93e-07 4.32390118902549e-08 3 7
"PADE11_017" "PADE11_017" "2/8/2011" 2 8 2011 37.248307 -76.499517 "York River, VA" 16.301 16.302 13.158 13.089 13.1235 "H+" 2 0 2 0 2 0 1 1 1 1 2 0 1 1 2 0 2 0 2 0 0.00736352113592296 0.0188004359036378 "south" 0.391667574819271 "2/8/11" 2011 "York" "Late" 16 215 2 0.82 "good" 0.005522815 0.008732102 6.8216e-05 0.000156025 3.177767822 1.56288427207619e-09 0.011746631 0.000634666 2.57415686440654e-08 1.17748149717227e-08 3 9
"PADE11_018" "PADE11_018" "2/16/2011" 2 16 2011 37.248307 -76.499517 "York River, VA" 16.524 16.517 13.665 13.655 13.66 "H" 2 0 2 0 1 1 2 0 1 1 2 0 1 1 2 0 2 0 1 1 0.000849240487057215 0.000179510172381064 "north" 4.73087667285199 "2/16/11" 2011 "York" "Late" 16 144 1 0.45 "excellent" 0.005365317 0.010237545 8.191e-05 0.000176669 3.658357327 3.125e-06 0.010505747 0.000577959 2.24302986629773e-08 9.22318208031356e-10 3 9
"PADE11_019" "PADE11_019" "2/16/2011" 2 16 2011 37.248307 -76.499517 "York River, VA" 16.223 16.253 13.458 13.399 13.4285 "H" 1 1 1 1 2 0 1 1 2 0 2 0 2 0 2 0 2 0 2 0 0.00518471441334419 0.0031008565937068 "north" 1.67202650514912 "2/16/11" 2011 "York" "Late" 16 169 1 0.42 "excellent" 0.006592564 0.055160138 0.000126683 7.8291e-05 3.33398395 3.8733401298523e-09 0.009782156 0.000633257 3.0895618556533e-08 2.42674791114405e-08 3 4
"PADE11_020" "PADE11_020" "2/22/2011" 2 22 2011 37.248307 -76.499517 "York River, VA" 16.152 16.081 12.994 12.948 12.971 "H" 2 0 2 0 2 0 0 2 2 0 2 0 0 2 2 0 2 0 2 0 0.00171396010982854 0.00277253619365446 "south" 0.618192149754908 "2/22/11" 2011 "York" "Late" 16 185 2 0.36 "good" 0.0084699 0.014866017 6.8727e-05 0.000235634 2.944493763 2.42882885597646e-09 0.009869665 0.000564492 3.27710236574057e-08 7.03e-07 3 9
"PADE12_016" "PADE12_016" "1/12/2012" 1 12 2012 37.248307 -76.499517 "York River, VA" 15.892 15.655 12.746 12.721 12.7335 "H+" 2 0 2 0 2 0 2 0 2 0 2 0 1 1 2 0 2 0 1 1 0.00582680993270669 0.00238744726085197 "north" 2.44060257508154 "1/12/12" 2012 "York" "Late" 15 192 2 1 "excellent" 0.031148596 0.023442059 0.00011738 0.00671811 3.481043799 1.194e-06 0.011162303 0.001618194 3.14207661452238e-08 4.97073448682204e-08 3 9
"PADE12_018" "PADE12_018" "1/25/2012" 1 25 2012 37.248307 -76.499517 "York River, VA" 17.769 17.896 14.427 14.439 14.433 "H" 2 0 2 0 2 0 1 1 2 0 2 0 1 1 1 1 2 0 1 1 0.00194094084614244 0.000421744574109523 "north" 4.60217146892895 "1/25/12" 2012 "York" "Late" 18 187 2 0.86 "good" 0.035097088 0.016279321 9.7779e-05 0.000529143 2.814777342 3.11341572832316e-09 0.00512633 0.000550703 4.74e-07 3.69623575592413e-08 3 5
"PADE12_019" "PADE12_019" "1/25/2012" 1 25 2012 37.248307 -76.499517 "York River, VA" 16.823 16.736 13.535 13.487 13.511 "H" 1 1 1 1 2 0 0 2 1 1 2 0 2 0 2 0 2 0 1 1 0.000582151786185134 0.000418738229154331 "north" 1.39025230001289 "1/25/12" 2012 "York" "Late" 16 184 2 0.5 "excellent" 0.006627411 0.02959671 2.3711e-05 0.000119502 3.533904768 3.81808943022043e-09 0.005646058 0.000603262 3.23126155924983e-08 8.08e-07 3 4
"PADE12_020" "PADE12_020" "1/25/2012" 1 25 2012 37.248307 -76.499517 "York River, VA" 19.734 19.754 16.299 16.202 16.2505 "H+" 1 1 1 1 2 0 0 2 1 1 2 0 2 0 2 0 2 0 1 1 0.000582151786185134 0.000418738229154331 "north" 1.39025230001289 "1/25/12" 2012 "York" "Late" 19 208 1 0.31 "good" 0.009348837 0.012819371 0.000111337 0.000358573 3.101835101 4.63e-07 0.004538873 0.000551843 1.034e-06 5.84251934336498e-08 3 7
"PADE12_021" "PADE12_021" "1/25/2012" 1 25 2012 37.248307 -76.499517 "York River, VA" 16.924 16.893 13.719 13.694 13.7065 "H+" 1 1 1 1 1 1 1 1 2 0 2 0 1 1 1 1 2 0 2 0 0.000452401157596051 1.74551420775024e-05 "north" 25.9179304062579 "1/25/12" 2012 "York" "Late" 16 161 1 0.86 "good" 0.076971412 0.010595023 2.8294e-05 0.000266508 2.957056557 2.386e-06 0.00753793 0.000570458 3.65130706513301e-08 2.18941210303456e-09 3 5
"PADE92_001" "PADE92_001" "2/6/1992" 2 6 1992 39.509379 -74.323945 "Little Egg Inlet, NJ" 14.215 14.262 11.298 11.239 11.2685 "H" 2 0 2 0 2 0 1 1 1 1 2 0 2 0 2 0 2 0 2 0 0.00543819680221833 0.0215089732795857 "south" 0.252833862943135 "2/6/92" 1992 "RUMFS" "Early" 14 151 1 0.72 "excellent" 0.003534085 0.026830199 0.004306507 0.000161485 3.495350518 2.03433987218887e-09 0.008206934 0.000367339 2.1e-07 2.1e-07 1 2
"PADE92_002" "PADE92_002" "2/6/1992" 2 6 1992 39.509379 -74.323945 "Little Egg Inlet, NJ" 12.937 12.978 11.668 11.677 11.6725 NA 1 1 1 1 1 1 2 0 2 0 2 0 1 1 2 0 2 0 2 0 0.00135813286833947 9.88115406788683e-05 "north" 13.7446785973444 "2/6/92" 1992 "RUMFS" "Early" 13 178 1 0.52 "excellent" 0.004959416 0.011271115 0.003716382 0.000179961 3.621508654 1.193e-06 0.010433875 0.000333539 1.88e-07 1.88e-07 1 2
"PADE92_003" "PADE92_003" "2/6/1992" 2 6 1992 39.509379 -74.323945 "Little Egg Inlet, NJ" 15.201 14.738 12.653 12.691 12.672 "H-" 0 2 2 0 2 0 1 1 1 1 2 0 1 1 2 0 2 0 1 1 0.000602777670590553 0.000178098184544963 "north" 3.38452450894228 "2/6/92" 1992 "RUMFS" "Early" 15 170 1 0.65 "excellent" 0.001442294 0.007225456 0.003331803 0.000230315 3.41556092 2.866e-06 0.008486487 0.000349563 3.91e-07 5.64042038004845e-08 2 2
"PADE92_004" "PADE92_004" "12/28/1992" 12 28 1992 39.509379 -74.323945 "Little Egg Inlet, NJ" 14.919 15.258 12.456 12.444 12.45 "H" 1 1 2 0 2 0 1 1 2 0 2 0 1 1 2 0 2 0 NA NA 0.017569879235407 0.0104643535316001 "north" 1.67902194649194 "12/28/92" 1992 "RUMFS" "Early" 15 194 1 0.67 "excellent" 0.002728042 0.010172063 0.006016846 0.000143054 3.087256128 2.839e-06 0.006747667 0.000351451 3.26034947535954e-08 5.53800483746454e-08 1 2
"PADE98_001" "PADE98_001" "1/21/1998" 1 21 1998 39.509379 -74.323945 "Little Egg Inlet, NJ" 14.556 14.575 11.921 12.047 11.984 "G" 1 1 1 1 2 0 1 1 2 0 2 0 0 2 2 0 2 0 2 0 0.00237643578353236 0.000592267862973573 "north" 4.01243412330545 "1/21/98" 1998 "RUMFS" "Mid" 14 131 1 0.59 "excellent" 0.000789517 0.007140324 6.91459033655701e-07 0.000148362 3.393042216 7.2e-07 0.007686001 0.000193435 3.2e-07 3.06449204497039e-08 2 8
"PADE98_004" "PADE98_004" "2/16/1998" 2 16 1998 39.509379 -74.323945 "Little Egg Inlet, NJ" 15.643 15.332 12.641 12.611 12.626 "H" 2 0 2 0 0 2 1 1 1 1 1 1 1 1 2 0 2 0 2 0 1.09817960317834e-05 8.54230717761686e-06 "north" 1.28557728063897 "2/16/98" 1998 "RUMFS" "Mid" 16 192 1 0.35 "excellent" 0.00675256 0.012849363 0.001261007 0.000227086 3.22623271 2.312e-06 0.008303948 0.000202464 1.69e-07 1.69e-07 2 2
"PADE98_006" "PADE98_006" "11/17/1998" 11 17 1998 39.509379 -74.323945 "Little Egg Inlet, NJ" 15.201 15.103 12.392 12.335 12.3635 "H-" 2 0 1 1 2 0 1 1 2 0 2 0 2 0 1 1 2 0 2 0 0.00161886588384505 0.000610329027672841 "north" 2.65244779527809 "11/17/98" 1998 "RUMFS" "Mid" 14 180 1 0.26 "excellent" 0.001199049 0.01333256 1.02793494425248e-06 0.000144737 2.709833268 8.27e-07 0.008684898 0.000190507 9.76761145354248e-09 1.55e-07 1 8
"PADE98_007" "PADE98_007" "11/24/1998" 11 24 1998 39.509379 -74.323945 "Little Egg Inlet, NJ" 15.903 15.995 13.088 13.003 13.0455 "H-" 1 1 2 0 2 0 1 1 1 1 2 0 2 0 1 1 2 0 2 0 0.000932640371165354 0.000612505784150138 "north" 1.52266377771339 "11/24/98" 1998 "RUMFS" "Mid" 15 176 1 0.29 "excellent" 0.001671697 0.018853026 0.001032512 0.00016939 2.649902137 2.382e-06 0.006804588 0.000187616 3.31725229974836e-08 3.17e-07 2 2
"PADE98_008" "PADE98_008" "11/24/1998" 11 24 1998 39.509379 -74.323945 "Little Egg Inlet, NJ" 14.001 14.108 11.708 11.686 11.697 "H" 2 0 2 0 2 0 0 2 2 0 2 0 0 2 2 0 2 0 2 0 0.00171396010982854 0.00277253619365446 "south" 0.618192149754908 "11/24/98" 1998 "RUMFS" "Mid" 14 130 2 0.82 "excellent" 0.001861565 0.006645278 0.002203629 0.000126707 2.551519941 3.864e-06 0.005493107 0.000182177 1.73e-07 3.46e-07 2 8
"PADE98_009" "PADE98_009" "11/30/1998" 11 30 1998 39.509379 -74.323945 "Little Egg Inlet, NJ" 16.582 16.271 13.601 13.512 13.5565 "G" 2 0 2 0 2 0 1 1 1 1 2 0 1 1 2 0 2 0 2 0 0.00736352113592296 0.0188004359036378 "south" 0.391667574819271 "11/30/98" 1998 "RUMFS" "Mid" 16 166 1 0.19 "good" 0.001093246 0.006743227 0.000529026 0.000116013 2.69505568 2.488e-06 0.016658171 0.000175501 1.41e-07 2.81e-07 2 8
"PADE99_001" "PADE99_001" "1/25/1999" 1 25 1999 39.509379 -74.323945 "Little Egg Inlet, NJ" 14.894 14.712 13.095 13.058 13.0765 "G" 1 1 2 0 2 0 2 0 2 0 2 0 2 0 2 0 2 0 2 0 0.00534968873323782 0.00396685419796336 "north" 1.34859726782608 "1/25/99" 1999 "RUMFS" "Mid" 15 199 1 0.15 "good" 0.003714509 0.007429689 0.000628374 0.000381784 3.010275872 3.726e-06 0.005460763 0.000158285 1.92837544677313e-08 5.74030298134312e-08 2 8
