"Fish.ID"	"Collection.Date"	"Year"	"Location"	"Period"	"TL..mm."	"Otolith.D..um."	"Peak.Number"	"peak.time"	"peak.quality..excellent..good..poor..terrible..unusable."	"X3core"	"Mg"	"Mn"	"Fe"	"Cu"	"Sr"	"Cd"	"Ba"	"Sn"	"Pb"	"U"
"NCPD 001"	"2/8/89"	1989	"NC"	"Early"	16	177	2	0.68	"excellent"	NA	0.040209638	0.007315036	1.6846e-05	0.000326691	3.437579925	3.995e-06	0.007210578	0.00039676	4.28e-07	1.283e-06
"NCPD 015"	"3/16/89"	1989	"NC"	"Early"	16	218	2	0.77	"excellent"	NA	0.059346743	0.024818023	0.002905206	0.000396409	2.91883094	4.38e-06	0.005505555	0.000247082	2.26723971061874e-08	2.47e-07
"NCPD 013"	"3/16/89"	1989	"NC"	"Early"	17	173	2	0.69	"good"	NA	0.019200128	0.006972829	0.000124097	0.000596019	3.459844634	3.64e-06	0.006969374	0.00027474	3.02117189015262e-08	3.75895810453221e-08
"NCPD 014"	"3/16/89"	1989	"NC"	"Early"	17	137	1	0.77	"excellent"	NA	0.053534889	0.023240271	0.000412377	0.00049282	3.208885055	1.43162713013589e-09	0.005557814	0.000319354	2.6e-07	1.95989593025297e-08
"NCPD 018"	"3/23/89"	1989	"NC"	"Early"	16	115	1	0.69	"excellent"	NA	0.014983446	0.019614098	1.8183e-05	0.000281933	2.83081912	3.272e-06	0.003922079	0.000321487	3.01634079760406e-08	5.66882368829101e-08
"NCPD 019"	"3/29/89"	1989	"NC"	"Early"	15	170	1	0.33	"excellent"	NA	0.014655972	0.014812887	0.000474344	0.000308274	2.86739012	3.268e-06	0.005173332	0.000306129	6.15710610500537e-09	2.30361020285636e-08
"NCPD 023"	"2/6/91"	1991	"NC"	"Early"	17	219	2	0.65	"excellent"	NA	0.041800734	0.022113341	9.4106e-05	0.007550828	3.229164032	5.709e-06	0.006593161	0.000277345	5.29833808075637e-09	2.68e-07
"NCPD 025"	"2/13/91"	1991	"NC"	"Early"	16	170	1	0.81	"excellent"	NA	0.004542199	0.015410143	0.000146887	0.000433052	2.783192288	5.82429590635002e-10	0.004722777	0.000197611	3.60615498935804e-08	5.73864639457315e-08
"NCPD 027"	"2/27/91"	1991	"NC"	"Early"	16	184	2	0.86	"excellent"	NA	0.017699359	0.029373838	0.000146821	0.000322814	3.541350711	1.509e-06	0.010089741	0.000310507	3.24033480898943e-08	2.55152233829722e-08
"NCPD 026"	"2/27/91"	1991	"NC"	"Early"	17	200	2	0.89	"excellent"	NA	0.017346203	0.028438711	0.000296759	0.000120231	3.039568003	7.547e-06	0.007140447	0.000269394	2.30224091168493e-08	6.46e-07
"NCPD 029"	"3/6/91"	1991	"NC"	"Early"	15	218	2	0.85	"good"	NA	0.005055713	0.014503893	0.000142155	0.000239895	3.228688904	4.505e-06	0.006217363	0.000298382	2.8889888701262e-08	8.44702587928623e-09
"NCPD 028"	"3/6/91"	1991	"NC"	"Early"	16	212	2	0.73	"good"	NA	0.005452872	0.005081818	7.6445e-05	0.000255709	3.306457349	6.708e-06	0.005667956	0.000302034	3.24e-07	3.6323508429341e-08
"NCPD 030"	"3/21/91"	1991	"NC"	"Early"	16	235	2	0.77	"good"	NA	0.013708783	0.018289377	5.9711e-05	0.000268176	3.1094554	4.73e-07	0.006041725	0.000283343	5.67e-07	1.28502263780683e-08
"NCPD 156"	"3/21/91"	1991	"NC"	"Early"	16	171	1	0.47	"excellent"	NA	0.002641904	0.020468368	0.000134771	0.000262213	3.336666163	4.89e-06	0.004325432	0.000377013	7.70481881545857e-09	8.16512397956103e-09
"NCPD 031"	"3/21/91"	1991	"NC"	"Early"	17	185	2	0.77	"excellent"	NA	0.010583132	0.028578073	9.8712e-05	0.000350913	2.956605787	9.3771e-05	0.006781783	0.000246906	1.67728743511252e-08	2.64e-07
"NCPD 046"	"3/11/92"	1992	"NC"	"Early"	15	227	2	0.72	"excellent"	NA	0.012578474	0.024594521	0.000131014	8.372e-05	3.880743367	3.589e-06	0.011646504	0.000463941	1.87878664908931e-08	5.1e-07
"NCPD 045"	"3/11/92"	1992	"NC"	"Early"	16	199	1	0.73	"excellent"	NA	0.032299729	0.042493482	0.001317522	2.73695450660638e-05	3.828272017	4.184e-06	0.011345723	0.000488013	1.68228809495922e-08	3.9361790958792e-08
"NCPD 051"	"2/11/98"	1998	"NC"	"Mid"	16	147	1	0.45	"excellent"	NA	0.0018168	0.045237109	3.8609e-05	0.000283636	3.694408204	9.67e-07	0.006209583	0.000507234	3.00704592992552e-08	1.09263970283791e-08
"NCPD 054"	"2/11/98"	1998	"NC"	"Mid"	16	167	1	0.51	"excellent"	NA	0.003065698	0.032342105	2.8425e-05	1.87331985663292e-05	2.956899945	7.64e-07	0.004852426	0.000425863	3.27e-07	3.82895090198144e-08
"NCPD 056"	"2/17/98"	1998	"NC"	"Mid"	16	155	1	0.64	"excellent"	NA	0.003278947	0.052372647	2.2098e-05	0.000218127	3.580527832	8.13e-07	0.006855579	0.000439775	6.19052188633941e-09	4.05e-07
"NCPD 059"	"2/17/98"	1998	"NC"	"Mid"	16	162	1	0.36	"excellent"	NA	0.005577029	0.033380021	4.7571e-05	0.000544584	3.786416605	5.879e-06	0.001994733	0.000429832	5.98e-07	1.01625257218257e-08
"NCPD 055"	"2/17/98"	1998	"NC"	"Mid"	17	175	2	0.78	"excellent"	NA	0.00393727	0.054505993	7.533e-05	0.000198274	3.207492465	2.15106080286205e-09	0.005786366	0.000400851	4.27e-07	5.59071436431259e-08
"NCPD 058"	"2/17/98"	1998	"NC"	"Mid"	17	182	1	0.69	"excellent"	NA	0.002546214	0.012981956	1.4946e-05	1.80197894335724e-06	3.428300739	1.1593e-05	0.00803298	0.000472738	3.76287517379969e-08	4.09320137277246e-08
"NCPD 064"	"3/3/98"	1998	"NC"	"Mid"	16	141	1	0.55	"good"	NA	0.00690349	0.007434214	9.1054e-05	0.000511838	4.377563887	1.333e-06	0.006668522	0.000465005	2.36987030419987e-08	5.32504255603999e-08
"NCPD 062"	"3/3/98"	1998	"NC"	"Mid"	18	199	1	0.62	"excellent"	NA	0.028785024	0.016375963	0.000138831	6.6332e-05	3.712743383	1.357e-06	0.006859044	0.000489437	1.23471790656913e-08	4.07e-07
"NCPD 066"	"3/3/98"	1998	"NC"	"Mid"	18	169	1	0.71	"good"	NA	0.002808751	0.016062197	0.000116639	1.92236839870692e-05	3.199641733	2.20246554072946e-09	0.003337394	0.00048367	2.66625133752823e-08	5.0269331051968e-08
"NCPD 071"	"3/16/99"	1999	"NC"	"Mid"	17	207	2	0.81	"good"	NA	0.016558899	0.005297754	1.597e-06	1.36078602697148e-05	3.029320399	2.59452668018639e-09	0.005940296	0.000559821	3.73e-07	3.47606933768839e-08
"NCPD 074"	"2/22/00"	2000	"NC"	"Mid"	17	84	1	0.64	"excellent"	NA	0.00510872	0.012335753	0.000133634	0.054206742	2.768313313	0.000237985	0.004828274	0.000460118	1.4554e-05	7.15489800553769e-09
"NCPD 072"	"2/22/00"	2000	"NC"	"Mid"	18	182	2	0.76	"good"	NA	0.007983744	0.007165555	1.8981e-05	0.000261945	2.84319855	3.244e-06	0.005345419	0.000518468	1.83553950490896e-08	2.95e-07
"NCPD 073"	"2/22/00"	2000	"NC"	"Mid"	18	202	2	0.78	"excellent"	NA	0.004853567	0.024921214	3.0295e-05	0.000238299	3.614750465	1.42e-07	0.006827039	0.000594413	3.33052233920898e-08	2.55131196789443e-08
"NCPD 157"	"2/29/00"	2000	"NC"	"Mid"	15	178	1	0.7	"excellent"	NA	0.011854925	0.008779628	0.000117026	0.000302585	3.595784559	3.707e-06	0.006355335	0.000387694	3.3661832800135e-09	5.13868709374219e-08
"NCPD 085"	"3/8/01"	2001	"NC"	"Mid"	15	138	1	0.31	"excellent"	NA	0.003240389	0.013930639	3.57e-05	0.000206322	3.234027066	6.104e-06	0.004543103	0.000391704	9.7e-08	5.66710235830396e-08
"NCPD 086"	"3/8/01"	2001	"NC"	"Mid"	15	155	1	0.71	"excellent"	NA	0.002529842	0.024027829	6.2783e-05	0.000111458	3.212573505	1.053e-06	0.007933591	0.000402862	2.16369826078881e-08	6.32e-07
"NCPD 081"	"3/8/01"	2001	"NC"	"Mid"	16	171	2	0.8	"excellent"	NA	0.024057024	0.028270483	7.2203e-05	0.000233363	2.974858253	1.07371427677572e-09	0.005840862	0.000358214	3.6e-07	5.08629603730515e-08
"NCPD 082"	"3/8/01"	2001	"NC"	"Mid"	17	159	2	0.81	"excellent"	NA	0.004947997	0.007751368	7.7175e-05	0.00027086	3.094959428	5.87e-07	0.007978553	0.00036798	1.67707052081823e-08	2.41850286489353e-08
"NCPD 087"	"3/8/01"	2001	"NC"	"Mid"	17	140	1	0.26	"excellent"	NA	0.002724352	0.014486309	0.000140969	0.000494741	3.184659056	2.33e-06	0.006324699	0.000460294	2.59e-07	2.34600252052769e-08
"NCPD 088"	"3/8/01"	2001	"NC"	"Mid"	17	172	1	0.73	"excellent"	NA	0.004304956	0.02415084	3.9867e-05	0.00027354	2.584908124	4e-09	0.005020555	0.000368311	3.59e-07	6.2258500372991e-09
"NCPD 089"	"3/8/01"	2001	"NC"	"Mid"	18	212	1	0.85	"excellent"	NA	0.007995907	0.030137154	0.000134114	0.000362921	3.34797696	1.83024551812559e-09	0.006352624	0.00044738	1.33171180584468e-08	4.76419125963002e-08
"NCPD 090"	"3/14/01"	2001	"NC"	"Mid"	16	190	1	0.67	"excellent"	NA	0.002547524	0.042471212	6.726e-06	0.000220262	2.869269673	4.245e-06	0.004858088	0.000412599	8.21e-07	2.44356160517782e-09
"NCPD 091"	"3/14/01"	2001	"NC"	"Mid"	16	246	1	0.73	"excellent"	NA	0.002578386	0.028920391	2.4734e-05	0.000138508	2.9102568	5.809e-06	0.005179654	0.000367761	2.56751085876022e-08	4.38559258589521e-08
"NCPD 093"	"3/14/01"	2001	"NC"	"Mid"	17	182	1	0.31	"excellent"	NA	0.002002176	0.014570975	0.000113456	0.000185043	2.915888742	3.8533709095791e-09	0.007079852	0.000347363	2.42552336475346e-08	2.91e-07
"NCPD 092"	"3/14/01"	2001	"NC"	"Mid"	18	192	2	0.77	"good"	NA	0.001759676	0.019194449	8.867e-06	0.000113647	3.22999912	1.608e-06	0.007652708	0.000381154	4.39e-07	4.39e-07
"NCPD 103"	"2/27/08"	2008	"NC"	"Late"	14	171	1	0.27	"good"	NA	0.05766642	0.011024672	2.1127e-05	0.000356381	3.478697882	9.101e-06	0.006076773	0.000401361	3.37e-07	3.37e-07
"NCPD 106"	"2/27/08"	2008	"NC"	"Late"	15	195	1	0.94	"good"	NA	0.021814471	0.004766812	4.6555e-05	5.9757e-05	2.440897846	1.0594e-05	0.004463862	0.000426761	9.93e-07	2.35125083941966e-09
"NCPD 111"	"3/5/08"	2008	"NC"	"Late"	16	155	1	0.3	"good"	NA	0.002305329	0.016765625	0.000111997	0.00020237	2.999263072	2.56874257605523e-09	0.005966559	0.000383239	2.48e-07	2.48e-07
"NCPD 107"	"3/5/08"	2008	"NC"	"Late"	17	154	1	0.79	"good"	NA	0.005869633	0.011440051	9.9486e-05	0.000188267	2.808508016	1.25e-06	0.003852499	0.000506598	6.82e-07	4.75208502681926e-08
"NCPD 108"	"3/5/08"	2008	"NC"	"Late"	17	172	2	0.71	"good"	NA	0.001799995	0.015351258	0.000145825	0.000103889	3.411228346	6.09620872884989e-10	0.007503093	0.000471812	1.224e-06	5.14019468799233e-09
"NCPD 109"	"3/5/08"	2008	"NC"	"Late"	17	203	1	0.77	"excellent"	NA	0.003083451	0.025674785	3.0753e-05	0.000267419	3.459698877	1.71705462038517e-09	0.007629382	0.000416001	4.93e-07	1.88482816144824e-08
"NCPD 112"	"2/26/09"	2009	"NC"	"Late"	16	168	1	0.73	"excellent"	NA	0.015381009	0.026118059	4.203e-06	0.000212396	3.402963477	3.612e-06	0.006902125	0.000362064	3.5e-07	2.43257515272126e-08
"NCPD 119"	"2/26/09"	2009	"NC"	"Late"	16	159	1	0.69	"excellent"	NA	0.001995254	0.028930257	0.0001003	0.000248071	3.415350416	2.945e-06	0.00549917	0.000532918	3.53e-07	3.53e-07
"NCPD 116"	"2/26/09"	2009	"NC"	"Late"	17	209	1	0.28	"good"	NA	0.002298344	0.012749369	0.000140981	0.000200678	2.651906555	3.476e-06	0.003261097	0.00056999	5.09e-07	1.05360095109791e-08
"NCPD 117"	"2/26/09"	2009	"NC"	"Late"	17	200	1	0.2	"good"	NA	0.00327519	0.007037974	6.5587e-05	0.000167046	3.084032799	1.24245614837855e-09	0.005100002	0.000527452	2.57e-07	2.57e-07
"NCPD 120"	"3/3/09"	2009	"NC"	"Late"	17	188	1	0.3	"good"	NA	0.010285136	0.006929016	2.9071e-05	0.000275466	3.190390908	1.546e-05	0.006067149	0.000507293	1.02137172720395e-08	3.13e-07
"NCPD 122"	"3/3/09"	2009	"NC"	"Late"	17	195	2	0.76	"good"	NA	0.026635262	0.004477433	1.646e-05	0.000352355	3.281072068	1.4093e-05	0.006518954	0.000421502	1.56797983269207e-08	3.2e-07
"NCPD 121"	"3/3/09"	2009	"NC"	"Late"	18	197	2	0.88	"good"	NA	0.027730276	0.014813295	0.000129898	0.000456511	3.397958033	1.4693e-05	0.005501867	0.000480408	4.28e-07	4.28e-07
"NCPD 123"	"3/3/09"	2009	"NC"	"Late"	18	206	2	0.78	"good"	NA	0.012904467	0.009728926	0.000124681	0.000281245	3.256427199	1.0803e-05	0.004706854	0.000418439	3.89022819728125e-08	2.44409606745467e-08
"NCPD 128"	"2/24/10"	2010	"NC"	"Late"	15	98	1	0.35	"excellent"	NA	0.034541577	0.01862234	0.000148236	0.000295894	2.980403233	2.883e-06	0.006195824	0.000604987	2.98e-07	1.15929263597354e-08
"NCPD 150"	"3/11/10"	2010	"NC"	"Late"	17	119	1	0.96	"good"	NA	0.00549629	0.006687833	0.000100849	0.021398506	2.344758316	8.96e-06	0.06673077	0.000593011	2.14915159405209e-08	4.51576381037012e-08
"PADE08_058"	"1/7/08"	2008	"York"	"Late"	15	214	2	0.77	"good"	NA	0.08637627	0.006529718	1.1704e-05	0.001360658	2.871510088	7.762e-06	0.006089368	0.000596816	2.053e-06	4.15222833445296e-08
"PADE08_059"	"1/22/08"	2008	"York"	"Late"	18	294	2	0.94	"good"	NA	0.00287964	0.01400867	1.5827e-05	0.00020894	3.244333624	1.1451e-05	0.004826616	0.000485882	9.08035938022658e-09	2.81628491124138e-08
"PADE09_063"	"1/12/09"	2009	"York"	"Late"	17	149	1	0.86	"good"	NA	0.0949879	0.007062555	3.7023e-05	0.000627994	3.155496873	2.344e-06	0.00892588	0.000394699	1.64864241709001e-08	3.19e-07
"PADE09_065"	"1/12/09"	2009	"York"	"Late"	17	167	1	0.81	"excellent"	NA	0.009740341	0.013010406	8.1868e-05	0.000109957	2.801847462	6.43749945797026e-10	0.005415951	0.000419955	4.19e-07	2.60873761307448e-08
"PADE09_066"	"1/12/09"	2009	"York"	"Late"	18	162	1	0.61	"good"	NA	0.010723034	0.01121819	0.000109573	0.000153881	3.301792395	2.21061677485704e-09	0.007039701	0.000457332	1.53927232339047e-08	2.88851689221337e-08
"PADE09_067"	"2/11/09"	2009	"York"	"Late"	17	167	1	0.76	"excellent"	NA	0.006560355	0.030688851	7.0586e-05	6.8632e-05	2.970850222	5.62e-07	0.010306717	0.000369494	4.22e-07	3.97957318089902e-08
"PADE09_069"	"2/26/09"	2009	"York"	"Late"	17	167	1	0.5	"excellent"	NA	0.009717208	0.0133644	6.3053e-05	0.000121429	3.003882542	6.149e-06	0.004956326	0.000361324	2.80410742429085e-08	5.61814441205934e-08
"PADE10_048"	"1/14/10"	2010	"York"	"Late"	14	165	1	0.39	"excellent"	NA	0.002244957	0.023954123	2.9646e-05	0.0001155	2.972953243	5.93e-07	0.01079345	0.000354759	4.82535851513967e-09	1.2e-07
"PADE10_047"	"1/14/10"	2010	"York"	"Late"	16	219	2	0.8	"good"	NA	0.006946404	0.022491342	0.000116479	0.000237232	3.251608692	6.352e-06	0.008415462	0.000405575	3.46205843647476e-08	5.49737904220819e-08
"PADE10_050"	"1/19/10"	2010	"York"	"Late"	17	216	2	0.78	"excellent"	NA	0.002944432	0.04331347	0.000130578	0.000169046	3.137990373	7.46e-06	0.009189204	0.000375672	6.05e-07	4.93959666090086e-08
"PADE10_051"	"1/29/10"	2010	"York"	"Late"	17	181	2	0.75	"excellent"	NA	0.002791357	0.024166324	1.5993e-05	0.000170782	3.541210256	3.14892635587603e-09	0.007008034	0.000429707	5.65e-07	1.18626750307158e-08
"PADE10_052"	"2/2/10"	2010	"York"	"Late"	15	141	1	0.67	"excellent"	NA	0.002529429	0.006313244	2.9152e-05	9.26868705244735e-07	3.858706947	3.091e-06	0.008306751	0.000921659	2.90428558294661e-09	2.5e-07
"PADE10_054"	"2/13/10"	2010	"York"	"Late"	17	205	2	0.74	"excellent"	NA	0.005310386	0.017468567	6.609e-06	9.134e-05	3.807690317	2.54724300466478e-10	0.008919697	0.000747864	4.41e-07	3.17074836418033e-08
"PADE10_053"	"2/13/10"	2010	"York"	"Late"	18	224	1	0.33	"good"	NA	0.003635947	0.009530638	2.6553e-05	0.000619735	2.147142529	1.04e-06	0.001051954	0.000841002	3.96099503338337e-09	5.67e-07
"PADE10_055"	"2/17/10"	2010	"York"	"Late"	17	173	2	0.73	"excellent"	NA	0.002828545	0.01385574	0.000106936	7.5719e-05	3.243959909	4.303e-06	0.008082464	0.00073989	2.02411625878885e-08	4.93334618769586e-08
"PADE11_015"	"1/5/11"	2011	"York"	"Late"	11	180	1	0.79	"excellent"	NA	0.004583218	0.024232693	3.5364e-05	0.000165896	3.958045705	1.64e-07	0.008589295	0.000756773	4.93e-07	4.32390118902549e-08
"PADE11_017"	"2/8/11"	2011	"York"	"Late"	16	215	2	0.82	"good"	NA	0.005522815	0.008732102	6.8216e-05	0.000156025	3.177767822	1.56288427207619e-09	0.011746631	0.000634666	2.57415686440654e-08	1.17748149717227e-08
"PADE11_018"	"2/16/11"	2011	"York"	"Late"	16	144	1	0.45	"excellent"	NA	0.005365317	0.010237545	8.191e-05	0.000176669	3.658357327	3.125e-06	0.010505747	0.000577959	2.24302986629773e-08	9.22318208031356e-10
"PADE11_019"	"2/16/11"	2011	"York"	"Late"	16	169	1	0.42	"excellent"	NA	0.006592564	0.055160138	0.000126683	7.8291e-05	3.33398395	3.87334012985230e-09	0.009782156	0.000633257	3.0895618556533e-08	2.42674791114405e-08
"PADE11_020"	"2/22/11"	2011	"York"	"Late"	16	185	2	0.36	"good"	NA	0.0084699	0.014866017	6.8727e-05	0.000235634	2.944493763	2.42882885597646e-09	0.009869665	0.000564492	3.27710236574057e-08	7.03e-07
"PADE12_016"	"1/12/12"	2012	"York"	"Late"	15	192	2	1	"excellent"	NA	0.031148596	0.023442059	0.00011738	0.00671811	3.481043799	1.194e-06	0.011162303	0.001618194	3.14207661452238e-08	4.97073448682204e-08
"PADE12_019"	"1/25/12"	2012	"York"	"Late"	16	184	2	0.5	"excellent"	NA	0.006627411	0.02959671	2.3711e-05	0.000119502	3.533904768	3.81808943022043e-09	0.005646058	0.000603262	3.23126155924983e-08	8.08e-07
"PADE12_021"	"1/25/12"	2012	"York"	"Late"	16	161	1	0.86	"good"	NA	0.076971412	0.010595023	2.8294e-05	0.000266508	2.957056557	2.386e-06	0.00753793	0.000570458	3.65130706513301e-08	2.18941210303456e-09
"PADE12_018"	"1/25/12"	2012	"York"	"Late"	18	187	2	0.86	"good"	NA	0.035097088	0.016279321	9.7779e-05	0.000529143	2.814777342	3.11341572832316e-09	0.00512633	0.000550703	4.74e-07	3.69623575592413e-08
"PADE12_020"	"1/25/12"	2012	"York"	"Late"	19	208	1	0.31	"good"	NA	0.009348837	0.012819371	0.000111337	0.000358573	3.101835101	4.63e-07	0.004538873	0.000551843	1.034e-06	5.84251934336498e-08
"PADE08_025"	"1/16/08"	2008	"Roosevelt"	"Late"	16	245	1	0.22	"good"	NA	0.004100111	0.01656039	0.002679224	0.000194748	2.806600712	1.226e-06	0.006507609	0.000449166	2.04e-07	5.50995505275205e-08
"PADE08_024"	"1/16/08"	2008	"Roosevelt"	"Late"	17	200	1	0.15	"good"	NA	0.002138207	0.004389359	0.014054923	0.003692142	3.256791227	1.699e-06	0.013231915	0.000740347	7.6e-08	3.8e-07
"PADE08_026"	"1/16/08"	2008	"Roosevelt"	"Late"	18	276	1	0.66	"excellent"	NA	0.002276724	0.010837905	0.005501738	6.9479e-05	3.011298048	3.619e-06	0.006047377	0.000437272	4.60313002858311e-09	2.31e-07
"PADE08_030"	"2/22/08"	2008	"Roosevelt"	"Late"	15	213	1	0.65	"excellent"	NA	0.002001766	0.006988496	0.002923287	0.000168142	3.357474538	1.42042756825686e-09	0.008768956	0.000368701	8.82e-07	1.76e-07
"PADE08_027"	"2/22/08"	2008	"Roosevelt"	"Late"	16	202	1	0.64	"excellent"	NA	0.001533266	0.01715948	0.002734887	0.000188699	4.076617642	7.1e-08	0.009595034	0.000447966	2.12e-07	6.28372150473297e-09
"PADE08_028"	"2/22/08"	2008	"Roosevelt"	"Late"	16	224	1	0.64	"excellent"	NA	0.001724743	0.01313806	0.004355703	0.000134912	3.567886533	3.049e-06	0.014770217	0.00044336	4.16e-07	4.16e-07
"PADE08_029"	"2/22/08"	2008	"Roosevelt"	"Late"	16	166	1	0.42	"good"	NA	0.001918224	0.011707543	0.004443624	0.000238563	3.045417649	1.85396507196128e-09	0.005975122	0.000420606	1.99e-07	1.99e-07
"PADE08_033"	"3/10/08"	2008	"Roosevelt"	"Late"	14	171	1	0.56	"excellent"	NA	0.002061364	0.002264702	0.007759719	0.00047337	3.582032238	2.39e-06	0.009127282	0.000372625	2.87e-07	5.74e-07
"PADE08_031"	"3/10/08"	2008	"Roosevelt"	"Late"	15	245	1	0.55	"excellent"	NA	0.001541987	0.013535899	0.003542493	0.000214317	3.616771846	1.134e-06	0.005776976	0.00039523	1.74487634631805e-08	1.79e-07
"PADE08_032"	"3/10/08"	2008	"Roosevelt"	"Late"	15	235	1	0.67	"excellent"	NA	0.001268884	0.01591002	0.006112326	0.000212512	3.41233954	3.542e-06	0.008006231	0.000406756	1.97e-07	4.58801282057539e-08
"PADE08_034"	"10/29/08"	2008	"Roosevelt"	"Late"	14	276	1	0.35	"good"	NA	0.009269201	0.013362792	0.00487632	0.000548734	2.686191968	2.76e-06	0.002618673	0.000394827	3.94e-07	5.91e-07
"PADE08_038"	"11/24/08"	2008	"Roosevelt"	"Late"	12	231	1	0.77	"excellent"	NA	0.00337503	0.00675461	0.003038535	0.000318802	3.485266231	1.397e-06	0.005204872	0.000345031	2.21e-07	2.92161595914513e-08
"PADE08_037"	"11/24/08"	2008	"Roosevelt"	"Late"	14	224	1	0.38	"good"	NA	0.001648921	0.004596833	7.99009070214815e-07	0.000168666	2.627755928	3.34e-07	0.001473282	0.000432204	2.79932014646474e-08	3.22910282341763e-08
"PADE08_039"	"11/24/08"	2008	"Roosevelt"	"Late"	14	211	1	0.3	"good"	NA	0.010501853	0.005428774	0.002104482	0.000463877	2.743492413	1.752e-06	0.004973627	0.000389317	4.2e-07	2.1e-07
"PADE08_042"	"11/24/08"	2008	"Roosevelt"	"Late"	14	247	2	0.74	"excellent"	NA	0.00421433	0.00727782	0.000423725	0.00022793	3.445513353	1.64592729881406e-10	0.006126871	0.00036497	2.1789954258129e-09	1.60580191668123e-08
"PADE08_040"	"11/24/08"	2008	"Roosevelt"	"Late"	16	255	2	0.69	"good"	NA	0.003054827	0.01943604	1.26590883290977e-06	0.000291374	3.220915039	1.262e-06	0.00784911	0.000364301	2.7785744973924e-08	5.97838121233508e-08
"PADE08_043"	"12/10/08"	2008	"Roosevelt"	"Late"	13	229	1	0.73	"excellent"	NA	0.002376498	0.028185509	0.00504831	0.000360637	3.3793592	3.352e-06	0.008414829	0.000819252	4.28e-07	4.15423737326637e-08
"PADE09_028"	"1/14/09"	2009	"Roosevelt"	"Late"	15	215	1	0.65	"good"	NA	0.001200547	0.020781353	0.003927788	0.000138914	2.924374581	1.063e-06	0.005666528	0.000515286	4.25e-07	2.13e-07
"PADE09_029"	"1/14/09"	2009	"Roosevelt"	"Late"	16	164	1	0.42	"good"	NA	0.001347134	0.007713721	0.004269898	0.000196159	3.495487552	5.404e-06	0.005483287	0.000329977	5.27957008453086e-09	1.84e-07
"PADE09_027"	"1/14/09"	2009	"Roosevelt"	"Late"	17	197	1	0.36	"good"	NA	0.001292336	0.005873396	4.89788111974252e-07	0.000221279	3.140005136	2.90230638347566e-09	0.004859817	0.000542258	1.79e-07	4.60981458099559e-08
"PADE09_033"	"2/11/09"	2009	"Roosevelt"	"Late"	16	194	1	0.67	"excellent"	NA	0.001361708	0.018958625	0.004359936	9.0807e-05	3.346884243	1.334e-06	0.005896637	0.00035838	1.91e-07	1.25043931463733e-08
"PADE09_030"	"2/11/09"	2009	"Roosevelt"	"Late"	17	178	1	0.55	"excellent"	NA	0.001254998	0.008697285	0.002161915	8.1585e-05	3.191709416	5.13e-07	0.004462182	0.000304308	7.84242275054566e-09	3.83468456519768e-08
"PADE09_031"	"2/11/09"	2009	"Roosevelt"	"Late"	17	189	1	0.64	"excellent"	NA	0.00140519	0.016147773	0.003292496	0.000135003	3.373847882	3.221e-06	0.006021994	0.00033132	1.72e-07	8.04140771739185e-09
"PADE09_032"	"2/11/09"	2009	"Roosevelt"	"Late"	17	164	1	0.29	"excellent"	NA	0.00567043	0.008848877	0.001622297	0.000210341	3.720780979	1.623e-06	0.007186381	0.000329473	7.61e-07	3.04e-07
"PADE09_034"	"2/11/09"	2009	"Roosevelt"	"Late"	17	195	1	0.59	"excellent"	NA	0.001191302	0.008796208	0.002813265	0.000146658	3.408341365	2.42e-07	0.004902115	0.000370708	2.26308264308609e-08	3.58e-07
"PADE09_035"	"3/16/09"	2009	"Roosevelt"	"Late"	15	199	1	0.67	"excellent"	NA	0.003181727	0.008729484	0.004300921	0.000222776	3.735154706	1.443e-06	0.00529751	0.000368192	5.8e-08	4.052690198645e-08
"PADE09_036"	"3/16/09"	2009	"Roosevelt"	"Late"	16	125	1	0.41	"excellent"	NA	0.001170778	0.007623898	0.00233424	0.000177978	3.438952638	2.075e-06	0.004502254	0.000313131	5.19e-07	4.10993031458929e-08
"PADE09_037"	"3/16/09"	2009	"Roosevelt"	"Late"	16	153	1	0.5	"excellent"	NA	0.001418784	0.018825085	9.6352e-05	0.000204927	3.870807317	2.101e-06	0.006866221	0.000374981	1.57e-07	1.57e-07
"PADE09_038"	"10/20/09"	2009	"Roosevelt"	"Late"	14	215	1	0.45	"good"	NA	0.005671326	0.030827251	6.82307811520994e-07	0.000137408	2.276903958	1.021e-06	0.011259741	0.000384985	2.03546138252132e-08	3.353939387016e-09
"PADE09_040"	"10/20/09"	2009	"Roosevelt"	"Late"	14	219	2	0.78	"good"	NA	0.017267998	0.013587755	1.03738255845825e-06	0.000308413	3.63411617	3.4905835269019e-09	0.01163796	0.000420961	1.96e-07	5.7634619968012e-08
"PADE09_039"	"10/20/09"	2009	"Roosevelt"	"Late"	17	243	2	0.63	"good"	NA	0.009467424	0.038638875	0.003468086	0.000466262	2.378985271	3.047e-06	0.005285849	0.000343479	4.69e-07	2.34e-07
"PADE09_043"	"11/18/09"	2009	"Roosevelt"	"Late"	13	175	2	0.76	"excellent"	NA	0.002699922	0.011543918	0.005053531	0.000230279	3.673496588	6.4e-08	0.007353433	0.00045855	9.15693747578189e-09	4.03e-07
"PADE09_044"	"11/18/09"	2009	"Roosevelt"	"Late"	13	134	1	0.7	"excellent"	NA	0.001209579	0.011137163	0.001167417	0.000252205	3.316818976	1.29616388026625e-09	0.005680797	0.000449156	3.52e-07	3.27265194430947e-08
"PADE09_042"	"11/18/09"	2009	"Roosevelt"	"Late"	15	237	2	0.69	"excellent"	NA	0.002232768	0.011044899	0.005989444	0.000155039	3.280330638	1.398e-06	0.008970746	0.000440501	2.21e-07	6.62e-07
"PADE09_048"	"12/14/09"	2009	"Roosevelt"	"Late"	14	185	2	0.73	"good"	NA	0.010392363	0.00544789	9.3635068929079e-07	0.000227752	3.373061181	1.393e-06	0.006703347	0.000638738	2.09e-07	4.12650929996744e-08
"PADE09_047"	"12/14/09"	2009	"Roosevelt"	"Late"	16	201	1	0.67	"excellent"	NA	0.00327626	0.009413446	0.000566455	0.000232517	3.494435261	2.749e-06	0.011375651	0.000631489	2.06e-07	2.06e-07
"PADE10_013"	"1/18/10"	2010	"Roosevelt"	"Late"	16	187	1	0.69	"excellent"	NA	0.001562107	0.005550762	5.82136676133377e-07	7.7841e-05	3.275462906	4.4e-07	0.018425291	0.000758923	3.77e-07	6.06526883784681e-09
"PADE10_014"	"1/18/10"	2010	"Roosevelt"	"Late"	16	212	1	0.77	"excellent"	NA	0.001553662	0.008618414	0.000751892	0.000184965	3.135085903	1.53e-06	0.005591915	0.000343258	2.36277264242526e-08	2.18e-07
"PADE10_015"	"1/18/10"	2010	"Roosevelt"	"Late"	18	235	1	0.7	"good"	NA	0.00261289	0.005399736	8.61517780816648e-07	0.000343773	3.42222612	1.816e-06	0.008294491	0.000334992	1.20100575294346e-08	2.17e-07
"PADE10_016"	"2/4/10"	2010	"Roosevelt"	"Late"	15	199	1	0.73	"good"	NA	0.002607533	0.007496244	0.004037723	9.536e-05	3.246276928	2.97550910059363e-09	0.007595856	0.000303147	1.17692926602904e-08	3.15116888238117e-08
"PADE10_017"	"3/29/10"	2010	"Roosevelt"	"Late"	16	182	2	0.81	"excellent"	NA	0.001253403	0.008953103	0.002289929	0.000144801	3.544347919	2.313e-06	0.006719103	0.000337622	7.04632632387802e-09	1.59731883415952e-08
"PADE90_013"	"4/6/90"	1990	"RUMFS"	"Early"	11	150	2	0.39	"excellent"	NA	0.003493094	0.016224279	0.000161254	0.000161089	3.24474212	1.6529e-05	0.006391188	0.00041679	3.2244065310806e-10	5.70521454513073e-08
"PADE90_016"	"4/6/90"	1990	"RUMFS"	"Early"	13	238	1	0.63	"excellent"	NA	0.00898824	0.012622315	0.001474997	0.000303518	3.427867547	1.2373e-05	0.00523558	0.000388445	1.59980099312961e-08	4.94996063411236e-08
"PADE91_007"	"11/26/91"	1991	"RUMFS"	"Early"	15	145	1	0.8	"good"	NA	0.00991828	0.0105991	0.005310852	0.000461379	3.196145217	2.0666e-05	0.008804452	0.00038957	2.89653000296094e-08	2e-07
"PADE92_002"	"2/6/92"	1992	"RUMFS"	"Early"	13	178	1	0.52	"excellent"	NA	0.004959416	0.011271115	0.003716382	0.000179961	3.621508654	1.193e-06	0.010433875	0.000333539	1.88e-07	1.88e-07
"PADE92_001"	"2/6/92"	1992	"RUMFS"	"Early"	14	151	1	0.72	"excellent"	NA	0.003534085	0.026830199	0.004306507	0.000161485	3.495350518	2.03433987218887e-09	0.008206934	0.000367339	2.1e-07	2.1e-07
"PADE92_003"	"2/6/92"	1992	"RUMFS"	"Early"	15	170	1	0.65	"excellent"	NA	0.001442294	0.007225456	0.003331803	0.000230315	3.41556092	2.866e-06	0.008486487	0.000349563	3.91e-07	5.64042038004845e-08
"PADE92_004"	"12/28/92"	1992	"RUMFS"	"Early"	15	194	1	0.67	"excellent"	NA	0.002728042	0.010172063	0.006016846	0.000143054	3.087256128	2.839e-06	0.006747667	0.000351451	3.26034947535954e-08	5.53800483746454e-08
"PADE98_001"	"1/21/98"	1998	"RUMFS"	"Mid"	14	131	1	0.59	"excellent"	NA	0.000789517	0.007140324	6.91459033655701e-07	0.000148362	3.393042216	7.2e-07	0.007686001	0.000193435	3.2e-07	3.06449204497039e-08
"PADE98_003"	"2/2/98"	1998	"RUMFS"	"Mid"	19	195	1	0.23	"good"	NA	0.002299418	0.006106585	1.31775900180708e-06	0.00017672	3.14496956	2.062e-06	0.01221932	0.000217871	1.55e-07	1.55e-07
"PADE98_004"	"2/16/98"	1998	"RUMFS"	"Mid"	16	192	1	0.35	"excellent"	NA	0.00675256	0.012849363	0.001261007	0.000227086	3.22623271	2.312e-06	0.008303948	0.000202464	1.69e-07	1.69e-07
"PADE98_006"	"11/17/98"	1998	"RUMFS"	"Mid"	14	180	1	0.26	"excellent"	NA	0.001199049	0.01333256	1.02793494425248e-06	0.000144737	2.709833268	8.27e-07	0.008684898	0.000190507	9.76761145354248e-09	1.55e-07
"PADE98_008"	"11/24/98"	1998	"RUMFS"	"Mid"	14	130	2	0.82	"excellent"	NA	0.001861565	0.006645278	0.002203629	0.000126707	2.551519941	3.864e-06	0.005493107	0.000182177	1.73e-07	3.46e-07
"PADE98_007"	"11/24/98"	1998	"RUMFS"	"Mid"	15	176	1	0.29	"excellent"	NA	0.001671697	0.018853026	0.001032512	0.00016939	2.649902137	2.382e-06	0.006804588	0.000187616	3.31725229974836e-08	3.17e-07
"PADE98_009"	"11/30/98"	1998	"RUMFS"	"Mid"	16	166	1	0.19	"good"	NA	0.001093246	0.006743227	0.000529026	0.000116013	2.69505568	2.488e-06	0.016658171	0.000175501	1.41e-07	2.81e-07
"PADE99_001"	"1/25/99"	1999	"RUMFS"	"Mid"	15	199	1	0.15	"good"	NA	0.003714509	0.007429689	0.000628374	0.000381784	3.010275872	3.726e-06	0.005460763	0.000158285	1.92837544677313e-08	5.74030298134312e-08
"PADE99_003"	"10/27/99"	1999	"RUMFS"	"Mid"	14	139	1	0.5	"good"	NA	0.0063358	0.016070323	3.39146036472637e-07	0.000151559	2.747888568	1.116e-06	0.004344218	0.000205189	1.63056914736517e-08	5.04e-07
"PADE00_001"	"3/27/00"	2000	"RUMFS"	"Mid"	16	110	1	0.53	"excellent"	NA	0.000924229	0.009211447	1.12851688991697e-06	0.00010859	3.278264808	5.27e-07	0.006474787	0.000273643	1.76e-07	3.51e-07
"PADE00_003"	"10/17/00"	2000	"RUMFS"	"Mid"	15	189	1	0.35	"good"	NA	0.003233747	0.021537091	0.001127974	0.000134212	3.012913532	2.58e-06	0.01345593	0.000230763	1.79747633377556e-08	2.22300179768354e-09
"PADE00_002"	"10/17/00"	2000	"RUMFS"	"Mid"	17	176	1	0.68	"good"	NA	0.004780302	0.008941311	0.002733415	6.7069e-05	2.739100134	6e-08	0.010552321	0.000217758	5.41e-07	1.8e-07
"PADE00_005"	"11/21/00"	2000	"RUMFS"	"Mid"	13	146	1	0.64	"good"	NA	0.002086509	0.007828418	0.000676623	0.000157533	3.316806919	2.492e-06	0.010738525	0.000221375	1.78e-07	5.33054848993197e-08
"PADE00_006"	"11/21/00"	2000	"RUMFS"	"Mid"	15	175	2	0.81	"excellent"	NA	0.007042132	0.010313718	0.004210484	0.000152464	3.454327114	1.702e-06	0.011950242	0.000178751	4.24e-07	4.24e-07
"PADE00_008"	"12/13/00"	2000	"RUMFS"	"Mid"	17	142	1	0.32	"good"	NA	0.0013207	0.010616187	0.001378962	5.6605e-05	3.512817899	3.034e-06	0.009888451	0.000232078	1.75e-07	1.75e-07
"PADE01_001"	"1/24/01"	2001	"RUMFS"	"Mid"	15	154	1	0.55	"excellent"	NA	0.001376283	0.013765808	3.8335e-05	0.000145085	3.379606492	1.685e-06	0.009248493	0.000208635	3.3207489338005e-08	5.91106763575226e-08
"PADE01_002"	"1/24/01"	2001	"RUMFS"	"Mid"	17	163	1	0.61	"excellent"	NA	0.003154947	0.016566384	0.002065377	0.000121903	3.352158196	2.994e-06	0.013929459	0.00019541	3.52e-07	1.76e-07
"PADE01_003"	"1/30/01"	2001	"RUMFS"	"Mid"	13	175	1	0.14	"excellent"	NA	0.001647551	0.007523553	1.3321e-05	0.000178007	3.263016968	1.971e-06	0.006692291	0.00017279	9.19605020619929e-09	2.96e-07
"PADE01_004"	"1/30/01"	2001	"RUMFS"	"Mid"	16	176	2	0.44	"good"	NA	0.001123508	0.005204282	0.001286868	0.000115322	2.999282958	3.92532361671329e-09	0.010087529	0.000217227	8.21861851634458e-09	5.36e-07
"PADE01_005"	"1/30/01"	2001	"RUMFS"	"Mid"	18	169	1	0.69	"excellent"	NA	0.001195162	0.025174281	0.001406949	0.000144503	3.401709247	1.492e-06	0.007274734	0.000190362	1.66e-07	4.98e-07
"PADE01_006"	"2/6/01"	2001	"RUMFS"	"Mid"	15	130	1	0.69	"good"	NA	0.000899613	0.005945962	0.001596723	0.000139073	3.169235002	2.059e-06	0.006201183	0.000191377	1.72e-07	7.44325258769095e-09
"PADE01_007"	"2/6/01"	2001	"RUMFS"	"Mid"	17	155	1	0.33	"good"	NA	0.0021336	0.006034299	0.002282127	0.000134024	2.791569156	2.874e-06	0.008600321	0.000178219	2.34224187000655e-08	4.15816168813035e-08
"PADE01_008"	"2/14/01"	2001	"RUMFS"	"Mid"	14	116	1	0.35	"excellent"	NA	0.000940931	0.007027947	0.000801285	0.000118668	3.87754308	4.25e-07	0.007908795	0.000168592	1.27266881768592e-08	3.19e-07
"PADE01_009"	"2/14/01"	2001	"RUMFS"	"Mid"	15	147	1	0.35	"good"	NA	0.000763432	0.002059571	0.000887123	4.8568e-05	2.850715944	3.126e-06	0.005452243	0.000192114	1.84e-07	1.84e-07
"PADE01_012"	"2/26/01"	2001	"RUMFS"	"Mid"	16	111	1	0.78	"good"	NA	0.000856787	0.006456333	0.002206282	0.000160714	2.815686127	1.514e-06	0.010369824	0.000170044	1.81e-07	1.81e-07
"PADE01_013"	"3/14/01"	2001	"RUMFS"	"Mid"	15	157	1	0.44	"good"	NA	0.001164634	0.007887423	0.001037338	0.000120614	3.503344926	5.14803271740675e-10	0.01598369	0.000183749	3.57e-07	6.40532903373241e-09
"PADE01_014"	"3/19/01"	2001	"RUMFS"	"Mid"	15	118	1	0.67	"excellent"	NA	0.001946276	0.00276246	1.72692458184902e-07	2.83880899848223e-05	3.349325486	2.92030574753881e-09	0.015915468	0.000584851	4.49e-07	2.93700751522556e-08
"PADE01_015"	"3/19/01"	2001	"RUMFS"	"Mid"	15	95	1	0.24	"good"	NA	0.013176578	0.008098778	6.9467509265407e-07	0.000202276	3.217223975	3.818e-06	0.011816228	0.000446009	4.87789036240429e-10	4.35055775893852e-08
"PADE02_001"	"10/15/02"	2002	"RUMFS"	"Mid"	15	167	2	0.67	"excellent"	NA	0.014744052	0.015902692	0.007052875	2.9437e-05	2.562515486	5.494e-06	0.005231776	0.00043727	3.30031796672847e-08	4.11e-07
"PADE02_004"	"11/19/02"	2002	"RUMFS"	"Mid"	15	187	2	0.81	"good"	NA	0.019658914	0.009303207	1.42958661851939e-07	0.000156552	2.36535345	4.496e-06	0.004791749	0.000399986	3.8846135828644e-08	1.33865547319874e-08
"PADE02_008"	"12/18/02"	2002	"RUMFS"	"Mid"	15	155	1	0.72	"excellent"	NA	0.001709085	0.016056466	0.003547897	0.000191874	3.091195033	1.025e-06	0.00587639	0.000314207	1.92e-07	2.24983273213729e-08
"PADE02_009"	"12/18/02"	2002	"RUMFS"	"Mid"	15	176	2	0.67	"good"	NA	0.001828982	0.008925889	0.000980344	0.000239581	3.308877727	2.309e-06	0.007730937	0.00071407	2.16e-07	4.33e-07
"PADE08_012"	"1/21/08"	2008	"RUMFS"	"Late"	17	188	1	0.54	"excellent"	NA	0.003276174	0.028105824	0.000332862	0.000141255	3.249291393	1.924e-06	0.008053982	0.000404207	1.23974704798311e-08	9.95e-07
"PADE08_013"	"2/6/08"	2008	"RUMFS"	"Late"	18	187	1	0.39	"good"	NA	0.001807571	0.011906828	0.001372864	0.000146463	3.146844047	9.71194304525852e-10	0.012135423	0.000328439	7.19e-07	1.92891078768298e-08
"PADE08_005"	"10/22/08"	2008	"RUMFS"	"Late"	13	130	1	0.63	"good"	NA	0.004225042	0.012669719	9.03486052313121e-07	6.7841e-05	3.131243315	3.58615466114134e-09	0.006157522	0.000487189	4e-07	5.47985165985301e-08
"PADE08_023"	"11/11/08"	2008	"RUMFS"	"Late"	16	124	1	0.38	"excellent"	NA	0.006969297	0.02024263	0.002076865	0.000365122	3.335378608	3.92e-07	0.009628703	0.000297684	1.64706225399859e-08	3.55e-07
"PADE08_021"	"11/11/08"	2008	"RUMFS"	"Late"	17	190	2	0.69	"good"	NA	0.005230247	0.011342238	0.005667415	0.000171407	2.995380939	1.329e-06	0.006713476	0.00030864	2.9e-07	8.8134384714067e-09
"PADE09_001"	"1/28/09"	2009	"RUMFS"	"Late"	17	211	1	0.55	"excellent"	NA	0.001444601	0.006172376	0.002577883	0.000163584	3.026062939	1.324e-06	0.005267543	0.000314226	2.5871710809879e-08	2.33e-07
"PADE09_011"	"1/28/09"	2009	"RUMFS"	"Late"	18	184	1	0.61	"excellent"	NA	0.001376485	0.015303519	0.000296923	0.000213752	3.150980534	1.183e-06	0.007079935	0.000250918	3.55e-07	5.52393095288426e-08
"PADE09_013"	"2/16/09"	2009	"RUMFS"	"Late"	16	146	1	0.52	"excellent"	NA	0.001712365	0.00988425	0.000122467	0.000105149	3.044221124	3.29e-07	0.004603913	0.000248997	2.47e-07	3.7e-07
"PADE09_002"	"2/16/09"	2009	"RUMFS"	"Late"	17	185	1	0.38	"excellent"	NA	0.00147879	0.015743106	0.00269545	0.000218937	3.153700627	2.55e-06	0.006084376	0.000272805	3.48e-07	2.32e-07
"PADE09_012"	"2/16/09"	2009	"RUMFS"	"Late"	17	56	1	0.38	"excellent"	NA	0.003596229	0.008089051	0.000634931	0.001557795	3.323491159	1.67e-06	0.006419778	0.000287285	2.28e-07	2.28e-07
"PADE09_014"	"2/16/09"	2009	"RUMFS"	"Late"	18	145	2	0.71	"excellent"	NA	0.007087604	0.031111018	0.001861889	0.000125686	3.163833042	2.309e-06	0.014035773	0.000224102	5.13e-07	3.83250927831978e-08
"PADE09_025"	"3/4/09"	2009	"RUMFS"	"Late"	18	184	1	0.25	"excellent"	NA	0.004262124	0.017511165	0.000137229	0.000190855	2.982781693	4.684e-06	0.00565937	0.000247251	2.44e-07	2.44e-07
"PADE09_026"	"3/4/09"	2009	"RUMFS"	"Late"	18	200	1	0.61	"good"	NA	0.006154118	0.015056381	2.4155e-05	0.000292873	3.378094342	3.62e-06	0.007349975	0.000256681	2.59e-07	1.99207874340937e-08
"PADE09_004"	"10/21/09"	2009	"RUMFS"	"Late"	13	69	1	0.55	"excellent"	NA	0.002973873	0.007727025	0.002297436	0.000230766	3.138937609	5.269e-06	0.009112531	0.000285878	3.9e-08	2.32e-07
"PADE09_018"	"10/21/09"	2009	"RUMFS"	"Late"	13	173	1	0.6	"good"	NA	0.001961859	0.008850311	7.9142e-05	0.000341278	3.652978419	1.1365e-05	0.009968505	0.000227394	1.26e-07	4.02321618050337e-09
"PADE09_005"	"11/18/09"	2009	"RUMFS"	"Late"	15	201	1	0.57	"excellent"	NA	0.002545884	0.013446703	0.005747382	0.000137492	3.080168572	1.792e-06	0.007827489	0.000283996	5.863943179138e-09	3.08e-07
"PADE09_007"	"11/23/09"	2009	"RUMFS"	"Late"	15	181	1	0.71	"excellent"	NA	0.014959298	0.013062619	1.57622408396145e-06	7.0482e-05	3.578775474	3.448e-06	0.02806817	0.00020252	1.77e-07	3.53e-07
"PADE10_001"	"1/25/10"	2010	"RUMFS"	"Late"	17	183	1	0.58	"excellent"	NA	0.001239749	0.01348367	9.6744e-05	0.000125202	3.277555759	1.439e-06	0.01159889	0.000221801	3.82e-07	1.27e-07
"PADE10_002"	"3/31/10"	2010	"RUMFS"	"Late"	14	106	1	0.41	"excellent"	NA	0.000902076	0.008811995	3.63350652098423e-07	0.000230981	3.623505554	1.246e-06	0.004916463	0.000244625	1.21e-07	1.21e-07
"PADE10_006"	"11/16/10"	2010	"RUMFS"	"Late"	13	178	2	0.74	"good"	NA	0.01029941	0.007174702	0.001890947	0.000227125	2.853587631	2.978e-06	0.015425536	0.000217891	2.63e-07	1.31e-07
"PADE10_005"	"11/16/10"	2010	"RUMFS"	"Late"	15	155	1	0.73	"good"	NA	0.002806818	0.006915561	1.14126770458231e-06	0.000146906	3.105070268	1.71e-06	0.016107729	0.000235555	1.31e-07	1.31e-07
"PADE10_004"	"11/16/10"	2010	"RUMFS"	"Late"	16	180	2	0.74	"good"	NA	0.005314235	0.020345884	0.002801499	0.000116361	3.087903738	3.897e-06	0.012623094	0.000242507	2.82e-07	5.86440850049257e-08
"PADE10_009"	"12/7/10"	2010	"RUMFS"	"Late"	18	181	1	0.64	"excellent"	NA	0.00160748	0.01627356	0.000667273	0.000134906	3.174902406	9.3e-07	0.014812497	0.000212816	1.33e-07	1.33e-07
"PADE11_002"	"10/12/11"	2011	"RUMFS"	"Late"	13	129	1	0.72	"good"	NA	0.002685575	0.006335739	0.002759688	2.79888420704296e-05	2.863381298	2.51262328773737e-09	0.016507262	0.000174433	1.25425025867298e-09	2.82e-07
"PADE11_008"	"11/8/11"	2011	"RUMFS"	"Late"	13	139	2	0.79	"good"	NA	0.0016219	0.006106035	8.16305901025422e-07	2.31114849924797e-05	3.07176926	5.16e-07	0.008832808	0.000317678	5.09203520882875e-09	4.20457175932825e-09
"PADE11_011"	"12/6/11"	2011	"RUMFS"	"Late"	17	211	1	0.77	"excellent"	NA	0.001995734	0.022205256	0.00244379	8.7136391372229e-06	2.274545164	1.622e-06	0.00513166	0.000257	3.47e-07	1.4850129657425e-08
"PADE12_001"	"1/16/12"	2012	"RUMFS"	"Late"	15	218	2	0.58	"excellent"	NA	0.001202079	0.007507339	0.000814142	4.1006e-05	2.993549694	3.228e-06	0.007264366	0.000269148	9.12e-07	1.82e-07
"PADE12_015"	"1/16/12"	2012	"RUMFS"	"Late"	19	227	1	0.31	"excellent"	NA	0.004814775	0.014278287	0.002428719	0.000147241	2.659927258	6.92e-07	0.010303365	0.000175847	2.96e-07	2.96e-07
"PADE12_002"	"2/13/12"	2012	"RUMFS"	"Late"	15	189	1	0.52	"excellent"	NA	0.001288748	0.015270236	0.000751583	0.000100602	4.207429443	2.295e-06	0.01243833	0.000253024	3.84196093669161e-08	7.24e-07
"PADE12_003"	"2/22/12"	2012	"RUMFS"	"Late"	18	189	1	0.64	"excellent"	NA	0.001048907	0.010508701	0.001278416	8.2468e-05	3.397043526	3.23e-07	0.009929695	0.000218415	3.26e-07	3.26e-07
"PADE12_014"	"2/22/12"	2012	"RUMFS"	"Late"	18	117	1	0.36	"excellent"	NA	0.001077301	0.005931515	6.3298374551814e-08	0.573712901	3.488183249	2.467e-06	0.010998579	0.000229691	1.2600657959003e-08	1.54e-07
"PADE12_004"	"3/12/12"	2012	"RUMFS"	"Late"	14	185	1	0.55	"excellent"	NA	0.001373067	0.015246802	0.002456572	0.000114146	3.731883023	3.795e-06	0.009063603	0.000248685	3.73e-07	4.12086921790615e-08
"PADE12_005"	"11/13/12"	2012	"RUMFS"	"Late"	12	160	1	0.38	"excellent"	NA	0.002097466	0.007287529	0.000809882	0.00014736	2.495298534	3.51247011497617e-09	0.004095231	0.00016152	2.53565736212768e-08	9.04777790419757e-10
"PADE12_008"	"12/11/12"	2012	"RUMFS"	"Late"	19	189	1	0.45	"good"	NA	0.003260393	0.004339065	0.00411369	0.000152017	2.631433994	9.54e-07	0.005698215	0.000198538	3.57e-07	6e-08
