"PinskyID" "regions" "dDocent_Contig_2558_83.01" "dDocent_Contig_2558_83.03" "dDocent_Contig_8420_14.02" "dDocent_Contig_8420_14.01" "dDocent_Contig_15075_20.02" "dDocent_Contig_15075_20.04" "dDocent_Contig_19728_116.04" "dDocent_Contig_19728_116.02" "dDocent_Contig_31661_32.01" "dDocent_Contig_31661_32.02" "dDocent_Contig_35399_131.04" "dDocent_Contig_35399_131.02" "dDocent_Contig_37577_42.04" "dDocent_Contig_37577_42.02" "dDocent_Contig_38595_30.04" "dDocent_Contig_38595_30.02" "dDocent_Contig_42614_134.04" "dDocent_Contig_42614_134.01" "dDocent_Contig_54409_32.03" "dDocent_Contig_54409_32.01"
"1" "PADE_13030L1362" "south" 2 0 2 0 2 0 1 1 1 1 2 0 1 1 2 0 2 0 2 0
"2" "PADE_13044L1376" "south" 2 0 2 0 2 0 0 2 2 0 2 0 1 1 2 0 2 0 1 1
"3" "PADE_13045L1543" "south" 2 0 2 0 2 0 0 2 1 1 1 1 2 0 1 1 1 1 2 0
"4" "PADE_13047L1378" "south" 1 1 2 0 2 0 1 1 1 1 2 0 2 0 2 0 2 0 2 0
"5" "PADE_13048L1544" "south" 1 1 2 0 2 0 1 1 0 2 2 0 0 2 2 0 2 0 2 0
"6" "PADE_13049L1447" "south" 2 0 2 0 2 0 2 0 2 0 2 0 2 0 2 0 2 0 2 0
"7" "PADE_13050L1448" "south" 2 0 2 0 2 0 1 1 1 1 1 1 1 1 2 0 1 1 2 0
"8" "PADE_13051L1449" "south" 2 0 2 0 2 0 2 0 1 1 1 1 1 1 2 0 2 0 1 1
"9" "PADE_13052L1450" "south" 1 1 2 0 2 0 1 1 1 1 2 0 2 0 2 0 2 0 2 0
"10" "PADE_13053L1379" "south" 2 0 2 0 2 0 2 0 2 0 2 0 1 1 2 0 2 0 1 1
"11" "PADE_13054L1451" "south" 2 0 NA NA 2 0 2 0 0 2 1 1 2 0 2 0 2 0 2 0
"12" "PADE_13055L1545" "south" 2 0 1 1 2 0 2 0 2 0 2 0 1 1 2 0 2 0 2 0
"13" "PADE_13056L1452" "south" 2 0 2 0 2 0 1 1 2 0 1 1 1 1 2 0 2 0 2 0
"14" "PADE_13057L1453" "south" 2 0 2 0 2 0 2 0 2 0 2 0 2 0 2 0 2 0 2 0
"15" "PADE_13058L1454" "south" 2 0 1 1 2 0 2 0 1 1 2 0 0 2 2 0 2 0 2 0
"16" "PADE_13059L1455" "south" 2 0 1 1 2 0 1 1 2 0 2 0 2 0 2 0 2 0 2 0
"17" "PADE_13060L1456" "south" 2 0 1 1 2 0 1 1 1 1 2 0 2 0 2 0 2 0 2 0
"18" "PADE_13061L1457" "south" 2 0 2 0 2 0 1 1 2 0 2 0 1 1 2 0 2 0 1 1
"19" "PADE_13063L1458" "south" 2 0 2 0 2 0 1 1 1 1 1 1 1 1 2 0 1 1 2 0
"20" "PADE_13064L1459" "south" 2 0 2 0 2 0 2 0 1 1 1 1 1 1 1 1 2 0 1 1
"21" "PADE_13065L1460" "south" 1 1 2 0 2 0 1 1 2 0 1 1 2 0 2 0 2 0 2 0
"22" "PADE_13067L1381" "south" 1 1 2 0 2 0 2 0 1 1 1 1 1 1 2 0 2 0 1 1
"23" "PADE_13068L1461" "south" 2 0 2 0 2 0 1 1 1 1 2 0 2 0 2 0 2 0 1 1
"24" "PADE_13069L1546" "south" 2 0 2 0 2 0 1 1 1 1 1 1 2 0 2 0 2 0 2 0
"25" "PADE_13070L1462" "south" 2 0 2 0 2 0 1 1 2 0 1 1 2 0 2 0 1 1 2 0
"26" "PADE_13071L1547" "south" 2 0 1 1 2 0 1 1 2 0 2 0 1 1 1 1 2 0 1 1
"27" "PADE_13072L1463" "south" 2 0 2 0 2 0 0 2 1 1 1 1 2 0 2 0 2 0 2 0
"28" "PADE_14003L1126" "south" 2 0 2 0 2 0 0 2 2 0 2 0 1 1 1 1 1 1 NA NA
"29" "PADE_14005L1548" "south" 1 1 2 0 2 0 2 0 2 0 1 1 2 0 2 0 2 0 1 1
"30" "PADE_14007L1147" "south" 2 0 2 0 2 0 1 1 2 0 2 0 1 1 2 0 2 0 2 0
"31" "PADE_14008L1464" "south" 1 1 2 0 2 0 0 2 1 1 2 0 1 1 2 0 2 0 2 0
"32" "PADE_14009L1549" "south" 2 0 2 0 2 0 1 1 1 1 2 0 1 1 2 0 1 1 1 1
"33" "PADE_14010L1550" "south" 2 0 1 1 2 0 0 2 2 0 2 0 1 1 2 0 2 0 2 0
"34" "PADE_14014L1465" "south" 2 0 2 0 2 0 1 1 1 1 2 0 1 1 2 0 2 0 1 1
"35" "PADE_14015L1466" "south" 1 1 2 0 2 0 0 2 2 0 2 0 2 0 2 0 2 0 1 1
"36" "PADE_14016L1551" "south" 1 1 1 1 2 0 1 1 1 1 2 0 1 1 2 0 2 0 2 0
"37" "PADE_14017L1467" "south" 1 1 2 0 2 0 1 1 1 1 2 0 1 1 2 0 1 1 2 0
"38" "PADE_14018L1552" "south" 1 1 2 0 2 0 2 0 2 0 2 0 1 1 2 0 1 1 2 0
"39" "PADE_14019L1382" "south" 2 0 2 0 2 0 0 2 1 1 2 0 1 1 2 0 2 0 2 0
"40" "PADE_14021L1122" "south" 2 0 1 1 2 0 0 2 1 1 2 0 2 0 2 0 2 0 2 0
"41" "PADE_14022L1123" "south" 2 0 2 0 2 0 0 2 1 1 2 0 2 0 2 0 1 1 2 0
"42" "PADE_14023L1125" "south" 2 0 2 0 2 0 1 1 2 0 1 1 1 1 2 0 1 1 2 0
"43" "PADE_14027L1468" "south" 2 0 2 0 2 0 1 1 2 0 2 0 2 0 2 0 1 1 2 0
"44" "PADE_14029L1469" "south" 2 0 NA NA 2 0 1 1 1 1 2 0 2 0 2 0 2 0 2 0
"45" "PADE_14032L1553" "south" 2 0 1 1 2 0 0 2 2 0 NA NA 2 0 2 0 2 0 NA NA
"46" "PADE_14034L1470" "south" 2 0 2 0 2 0 1 1 1 1 2 0 1 1 2 0 2 0 2 0
"47" "PADE_14035L1554" "south" 1 1 1 1 2 0 1 1 1 1 2 0 1 1 2 0 1 1 2 0
"48" "PADE_14036L1471" "south" 1 1 2 0 2 0 1 1 1 1 2 0 2 0 1 1 2 0 2 0
"49" "PADE_14037L1555" "south" 0 2 2 0 2 0 2 0 2 0 2 0 1 1 2 0 2 0 1 1
"50" "PADE_14038L1472" "south" 2 0 0 2 1 1 1 1 2 0 2 0 2 0 2 0 1 1 2 0
"51" "PADE_14039L1556" "south" 1 1 1 1 2 0 1 1 2 0 2 0 2 0 2 0 2 0 2 0
"52" "PADE_14040L1557" "south" 1 1 2 0 2 0 1 1 1 1 2 0 1 1 2 0 2 0 1 1
"53" "PADE_14041L1473" "south" 2 0 1 1 2 0 1 1 1 1 2 0 1 1 1 1 2 0 1 1
"54" "PADE_14042L1558" "south" 2 0 2 0 1 1 1 1 1 1 2 0 1 1 2 0 2 0 2 0
"55" "PADE_14045L1474" "south" 1 1 2 0 2 0 2 0 2 0 2 0 1 1 2 0 2 0 1 1
"56" "PADE_14046L1119" "south" 1 1 2 0 2 0 1 1 1 1 2 0 1 1 2 0 2 0 2 0
"57" "PADE_14047L1120" "south" 2 0 2 0 2 0 1 1 1 1 2 0 2 0 2 0 2 0 2 0
"58" "PADE_14050L1559" "south" 1 1 2 0 2 0 0 2 0 2 2 0 2 0 2 0 2 0 1 1
"59" "PADE_14052L1560" "south" 1 1 2 0 2 0 1 1 1 1 2 0 2 0 2 0 2 0 1 1
"60" "PADE_14053L1561" "south" 2 0 1 1 2 0 1 1 1 1 2 0 2 0 2 0 2 0 2 0
"61" "PADE_14054L1475" "south" 1 1 2 0 2 0 1 1 1 1 2 0 1 1 2 0 2 0 2 0
"62" "PADE_14055L1562" "south" 1 1 2 0 2 0 0 2 2 0 2 0 1 1 2 0 2 0 2 0
"63" "PADE_14056L1476" "south" 2 0 1 1 2 0 1 1 1 1 2 0 2 0 2 0 2 0 1 1
"64" "PADE_14057L1563" "south" 2 0 2 0 2 0 1 1 1 1 2 0 2 0 2 0 2 0 2 0
"65" "PADE_14058L1564" "south" 1 1 2 0 2 0 1 1 1 1 2 0 1 1 2 0 1 1 1 1
"66" "PADE_14060L1565" "south" 2 0 2 0 2 0 0 2 1 1 1 1 1 1 2 0 2 0 1 1
"67" "PADE_14061L1124" "south" 1 1 2 0 1 1 0 2 1 1 1 1 1 1 2 0 1 1 2 0
"68" "PADE_14062L1477" "south" 2 0 1 1 2 0 1 1 1 1 1 1 1 1 1 1 1 1 2 0
"69" "PADE_14066L1566" "south" 2 0 2 0 2 0 2 0 2 0 2 0 1 1 2 0 0 2 2 0
"70" "PADE_14067L1567" "south" 2 0 2 0 2 0 1 1 1 1 2 0 2 0 2 0 1 1 2 0
"71" "PADE_14069L1149" "south" 2 0 2 0 2 0 2 0 1 1 2 0 2 0 2 0 1 1 2 0
"72" "PADE_14070L1568" "south" 1 1 2 0 2 0 1 1 1 1 2 0 2 0 2 0 2 0 2 0
"73" "PADE_14073L1127" "south" 2 0 2 0 2 0 2 0 2 0 2 0 2 0 2 0 2 0 2 0
"74" "PADE_14074L1150" "south" 2 0 2 0 2 0 0 2 1 1 2 0 2 0 2 0 2 0 2 0
"75" "PADE_14075L1128" "south" 2 0 1 1 2 0 2 0 1 1 2 0 1 1 2 0 2 0 2 0
"76" "PADE_14076L1129" "south" 2 0 2 0 1 1 2 0 2 0 2 0 0 2 2 0 2 0 2 0
"77" "PADE_14077L1151" "south" 2 0 1 1 2 0 1 1 2 0 2 0 2 0 2 0 2 0 2 0
"78" "PADE_14078L1152" "south" 2 0 1 1 0 2 1 1 1 1 1 1 2 0 2 0 2 0 2 0
"79" "PADE_14079L1153" "south" 2 0 2 0 2 0 1 1 0 2 2 0 1 1 2 0 2 0 2 0
"80" "PADE_14081L1130" "south" 2 0 2 0 2 0 1 1 2 0 2 0 2 0 2 0 2 0 2 0
"81" "PADE_14082L1131" "south" 2 0 1 1 2 0 2 0 1 1 2 0 1 1 2 0 2 0 2 0
"82" "PADE_14083L1132" "south" 2 0 2 0 2 0 1 1 2 0 2 0 0 2 2 0 2 0 2 0
"83" "PADE_14084L1133" "south" 2 0 1 1 2 0 1 1 2 0 2 0 2 0 2 0 2 0 2 0
"84" "PADE_14085L1134" "south" 1 1 1 1 2 0 2 0 2 0 1 1 1 1 2 0 2 0 2 0
"85" "PADE_14086L1135" "south" 1 1 2 0 2 0 1 1 2 0 1 1 1 1 2 0 1 1 2 0
"86" "PADE_14087L1136" "south" 2 0 2 0 2 0 1 1 2 0 2 0 2 0 2 0 1 1 2 0
"87" "PADE_14088L1137" "south" 2 0 1 1 2 0 2 0 2 0 2 0 1 1 2 0 2 0 2 0
"88" "PADE_14091L1478" "south" 2 0 2 0 2 0 2 0 2 0 2 0 2 0 2 0 2 0 2 0
"89" "PADE_14092L1569" "south" 2 0 1 1 1 1 1 1 0 2 2 0 1 1 2 0 1 1 1 1
"90" "PADE_14093L1570" "south" 2 0 1 1 2 0 1 1 2 0 2 0 2 0 2 0 2 0 2 0
"91" "PADE_14095L1157" "south" 1 1 2 0 2 0 1 1 2 0 2 0 1 1 2 0 2 0 2 0
"92" "PADE_14096L1158" "south" 1 1 2 0 1 1 1 1 2 0 1 1 1 1 2 0 2 0 2 0
"93" "PADE_14097L1138" "south" 2 0 2 0 2 0 1 1 2 0 2 0 2 0 2 0 2 0 2 0
"94" "PADE_14098L1383" "south" 1 1 2 0 2 0 2 0 2 0 2 0 2 0 2 0 2 0 2 0
"95" "PADE_14099L1384" "south" 2 0 1 1 2 0 1 1 1 1 2 0 1 1 2 0 2 0 2 0
"96" "PADE_14100L1385" "south" 2 0 2 0 2 0 1 1 1 1 2 0 1 1 2 0 2 0 2 0
"97" "PADE_14101L1386" "south" 2 0 2 0 2 0 2 0 2 0 2 0 0 2 2 0 1 1 2 0
"98" "PADE_14102L1479" "north" 2 0 2 0 2 0 1 1 2 0 2 0 2 0 2 0 2 0 2 0
"99" "PADE_14103L1571" "north" 1 1 2 0 1 1 1 1 2 0 2 0 2 0 2 0 2 0 1 1
"100" "PADE_14104L1480" "north" 2 0 2 0 2 0 1 1 2 0 2 0 2 0 2 0 2 0 2 0
"101" "PADE_14105L1387" "north" 1 1 2 0 1 1 0 2 2 0 2 0 1 1 2 0 2 0 2 0
"102" "PADE_14106L1388" "north" 2 0 1 1 2 0 0 2 1 1 2 0 1 1 2 0 2 0 2 0
"103" "PADE_14107L1481" "north" 2 0 1 1 2 0 1 1 1 1 2 0 2 0 2 0 2 0 2 0
"104" "PADE_14108L1389" "north" 2 0 0 2 2 0 0 2 2 0 2 0 1 1 2 0 2 0 1 1
"105" "PADE_14109L1482" "north" 1 1 1 1 2 0 1 1 2 0 2 0 1 1 2 0 2 0 2 0
"106" "PADE_14110L1572" "north" 1 1 1 1 2 0 1 1 2 0 2 0 1 1 2 0 2 0 1 1
"107" "PADE_14111L1573" "north" 1 1 1 1 2 0 2 0 2 0 2 0 0 2 2 0 2 0 1 1
"108" "PADE_14112L1390" "north" 1 1 2 0 2 0 0 2 1 1 2 0 2 0 2 0 2 0 2 0
"109" "PADE_14113L1574" "north" 2 0 2 0 2 0 0 2 1 1 2 0 2 0 2 0 2 0 1 1
"110" "PADE_14114L1483" "north" 2 0 2 0 2 0 1 1 1 1 1 1 2 0 2 0 2 0 2 0
"111" "PADE_14115L1484" "north" 1 1 2 0 2 0 1 1 1 1 2 0 2 0 1 1 2 0 2 0
"112" "PADE_14116L1391" "north" 2 0 1 1 2 0 0 2 2 0 2 0 1 1 2 0 2 0 2 0
"113" "PADE_14117L1485" "north" 1 1 1 1 2 0 0 2 2 0 2 0 2 0 1 1 2 0 1 1
"114" "PADE_14118L1486" "north" 1 1 2 0 1 1 1 1 2 0 2 0 1 1 2 0 2 0 2 0
"115" "PADE_14119L1392" "north" 2 0 2 0 2 0 1 1 1 1 2 0 1 1 2 0 2 0 2 0
"116" "PADE_14120L1393" "north" 1 1 2 0 2 0 1 1 1 1 2 0 2 0 2 0 2 0 1 1
"117" "PADE_14121L1487" "north" 1 1 0 2 1 1 1 1 2 0 2 0 0 2 2 0 2 0 2 0
"118" "PADE_14122L1488" "north" 2 0 2 0 2 0 2 0 2 0 1 1 2 0 2 0 2 0 1 1
"119" "PADE_14123L1489" "north" 2 0 2 0 2 0 1 1 0 2 2 0 1 1 2 0 2 0 2 0
"120" "PADE_14124L1490" "north" 2 0 2 0 1 1 1 1 1 1 2 0 1 1 2 0 2 0 1 1
"121" "PADE_14126L1575" "north" 2 0 2 0 0 2 1 1 1 1 2 0 1 1 2 0 2 0 2 0
"122" "PADE_14127L1576" "north" 1 1 2 0 2 0 1 1 1 1 2 0 2 0 2 0 2 0 1 1
"123" "PADE_14128L1577" "north" 1 1 1 1 2 0 2 0 2 0 2 0 2 0 2 0 2 0 2 0
"124" "PADE_14129L1491" "north" 2 0 2 0 2 0 0 2 2 0 2 0 0 2 1 1 2 0 2 0
"125" "PADE_14130L1492" "north" 2 0 2 0 2 0 0 2 2 0 2 0 1 1 2 0 2 0 2 0
"126" "PADE_14131L1394" "north" 2 0 2 0 2 0 1 1 1 1 2 0 0 2 2 0 2 0 2 0
"127" "PADE_14132L1395" "north" 1 1 2 0 2 0 0 2 2 0 2 0 1 1 1 1 2 0 2 0
"128" "PADE_14133L1396" "north" 2 0 2 0 2 0 0 2 2 0 2 0 0 2 2 0 2 0 1 1
"129" "PADE_14134L1578" "north" 2 0 2 0 2 0 0 2 2 0 2 0 1 1 2 0 2 0 2 0
"130" "PADE_14135L1493" "north" 1 1 2 0 1 1 1 1 1 1 2 0 1 1 2 0 2 0 2 0
"131" "PADE_14136L1397" "north" 1 1 2 0 2 0 0 2 1 1 2 0 1 1 2 0 2 0 2 0
"132" "PADE_14138L1579" "north" 1 1 2 0 2 0 0 2 1 1 2 0 1 1 2 0 2 0 2 0
"133" "PADE_14139L1398" "north" 2 0 2 0 1 1 1 1 1 1 2 0 0 2 2 0 2 0 1 1
"134" "PADE_14140L1399" "north" 1 1 2 0 2 0 1 1 0 2 2 0 1 1 2 0 2 0 1 1
"135" "PADE_14141L1400" "north" 1 1 2 0 2 0 0 2 2 0 2 0 1 1 2 0 2 0 2 0
"136" "PADE_14142L1494" "north" 1 1 2 0 2 0 1 1 2 0 2 0 1 1 2 0 2 0 1 1
"137" "PADE_14143L1495" "north" 2 0 2 0 2 0 2 0 2 0 2 0 1 1 2 0 2 0 2 0
"138" "PADE_14144L1401" "north" 1 1 1 1 2 0 2 0 1 1 2 0 1 1 1 1 2 0 1 1
"139" "PADE_14145L1402" "north" 0 2 2 0 1 1 1 1 1 1 2 0 0 2 2 0 2 0 1 1
"140" "PADE_14146L1496" "north" 1 1 2 0 2 0 0 2 2 0 2 0 2 0 2 0 2 0 1 1
"141" "PADE_14147L1403" "north" 1 1 2 0 2 0 0 2 1 1 2 0 1 1 2 0 2 0 1 1
"142" "PADE_14148L1404" "north" 2 0 1 1 2 0 1 1 1 1 2 0 2 0 2 0 2 0 2 0
"143" "PADE_14149L1497" "north" 0 2 2 0 2 0 1 1 2 0 2 0 2 0 2 0 2 0 2 0
"144" "PADE_14150L1405" "north" 2 0 1 1 2 0 1 1 2 0 2 0 2 0 2 0 2 0 1 1
"145" "PADE_14151L1406" "north" 2 0 2 0 2 0 1 1 2 0 2 0 1 1 2 0 1 1 2 0
"146" "PADE_14153L1407" "north" 2 0 1 1 2 0 0 2 2 0 2 0 0 2 2 0 2 0 1 1
"147" "PADE_14154L1408" "north" 1 1 1 1 2 0 1 1 1 1 2 0 1 1 2 0 2 0 2 0
"148" "PADE_14155L1409" "north" 1 1 1 1 2 0 1 1 2 0 2 0 1 1 2 0 2 0 2 0
"149" "PADE_14156L1498" "north" 2 0 2 0 2 0 1 1 1 1 2 0 1 1 2 0 2 0 1 1
"150" "PADE_14157L1499" "north" 2 0 1 1 2 0 2 0 2 0 2 0 1 1 2 0 2 0 2 0
"151" "PADE_14158L1500" "north" 2 0 1 1 2 0 2 0 2 0 2 0 0 2 2 0 2 0 2 0
"152" "PADE_14159L1501" "north" 2 0 1 1 2 0 1 1 2 0 2 0 1 1 2 0 2 0 2 0
"153" "PADE_14160L1410" "north" 1 1 2 0 1 1 1 1 2 0 2 0 1 1 2 0 2 0 2 0
"154" "PADE_14161L1502" "north" 2 0 1 1 2 0 1 1 1 1 2 0 1 1 2 0 2 0 1 1
"155" "PADE_14162L1503" "north" 2 0 2 0 2 0 0 2 2 0 2 0 0 2 1 1 2 0 1 1
"156" "PADE_14163L1580" "north" 2 0 1 1 2 0 2 0 1 1 2 0 1 1 2 0 2 0 2 0
"157" "PADE_14164L1504" "north" 1 1 1 1 1 1 2 0 1 1 2 0 1 1 2 0 2 0 2 0
"158" "PADE_14165L1411" "north" 1 1 1 1 1 1 1 1 2 0 2 0 1 1 2 0 2 0 1 1
"159" "PADE_14166L1505" "north" 1 1 1 1 2 0 0 2 2 0 2 0 1 1 2 0 2 0 2 0
"160" "PADE_14167L1581" "north" 2 0 1 1 2 0 0 2 2 0 2 0 1 1 1 1 2 0 1 1
"161" "PADE_14168L1506" "north" 1 1 2 0 1 1 1 1 2 0 2 0 1 1 1 1 1 1 2 0
"162" "PADE_14169L1507" "north" 1 1 1 1 1 1 2 0 2 0 2 0 1 1 1 1 1 1 2 0
"163" "PADE_14170L1412" "north" 2 0 1 1 2 0 0 2 2 0 2 0 1 1 2 0 2 0 1 1
"164" "PADE_14171L1508" "north" 2 0 1 1 1 1 0 2 2 0 2 0 0 2 2 0 2 0 2 0
"165" "PADE_14173L1509" "north" 1 1 2 0 1 1 1 1 2 0 2 0 1 1 2 0 2 0 1 1
"166" "PADE_14174L1582" "north" 2 0 2 0 2 0 1 1 2 0 2 0 2 0 2 0 2 0 2 0
"167" "PADE_14175L1510" "north" 1 1 2 0 2 0 2 0 2 0 2 0 1 1 2 0 2 0 1 1
"168" "PADE_14176L1511" "north" 0 2 2 0 2 0 0 2 1 1 2 0 2 0 2 0 2 0 1 1
"169" "PADE_14177L1413" "north" 2 0 1 1 1 1 1 1 1 1 2 0 2 0 2 0 2 0 1 1
"170" "PADE_14178L1414" "north" 1 1 1 1 2 0 2 0 1 1 2 0 2 0 1 1 2 0 1 1
"171" "PADE_14179L1415" "north" 1 1 1 1 2 0 2 0 1 1 2 0 1 1 1 1 2 0 1 1
"172" "PADE_14180L1416" "north" 2 0 1 1 2 0 1 1 1 1 2 0 1 1 2 0 2 0 1 1
"173" "PADE_14181L1417" "north" 1 1 1 1 2 0 1 1 1 1 1 1 2 0 1 1 2 0 2 0
"174" "PADE_14182L1418" "north" 2 0 2 0 2 0 1 1 2 0 2 0 1 1 1 1 2 0 2 0
"175" "PADE_14183L1419" "north" 2 0 2 0 2 0 1 1 1 1 2 0 1 1 1 1 2 0 1 1
"176" "PADE_14184L1420" "north" 1 1 1 1 2 0 2 0 1 1 2 0 2 0 2 0 2 0 1 1
"177" "PADE_14185L1512" "north" 1 1 1 1 2 0 1 1 2 0 2 0 0 2 2 0 2 0 1 1
"178" "PADE_14186L1421" "north" 1 1 1 1 2 0 0 2 1 1 1 1 1 1 2 0 2 0 1 1
"179" "PADE_14187L1513" "north" 1 1 1 1 2 0 1 1 1 1 2 0 2 0 1 1 2 0 2 0
"180" "PADE_14188L1422" "north" 2 0 2 0 2 0 0 2 2 0 2 0 0 2 2 0 2 0 2 0
"181" "PADE_14190L1423" "north" 1 1 2 0 2 0 1 1 2 0 2 0 1 1 2 0 2 0 1 1
"182" "PADE_14191L1514" "north" 2 0 2 0 1 1 2 0 2 0 2 0 2 0 1 1 2 0 2 0
"183" "PADE_14192L1583" "north" 2 0 1 1 2 0 1 1 2 0 2 0 1 1 1 1 1 1 1 1
"184" "PADE_14193L1424" "north" 1 1 2 0 2 0 1 1 2 0 2 0 1 1 1 1 2 0 2 0
"185" "PADE_14194L1425" "north" 2 0 1 1 1 1 0 2 2 0 2 0 2 0 1 1 2 0 1 1
"186" "PADE_14195L1515" "north" 1 1 1 1 2 0 0 2 1 1 1 1 1 1 2 0 2 0 1 1
"187" "PADE_14196L1426" "north" 1 1 2 0 2 0 0 2 1 1 2 0 0 2 2 0 2 0 2 0
"188" "PADE_14197L1584" "north" 0 2 2 0 2 0 1 1 1 1 2 0 1 1 2 0 2 0 1 1
"189" "PADE_14198L1516" "north" 1 1 1 1 2 0 1 1 1 1 2 0 2 0 2 0 2 0 1 1
"190" "PADE_14199L1427" "north" 2 0 1 1 2 0 1 1 2 0 2 0 2 0 2 0 2 0 2 0
"191" "PADE_14200L1517" "north" 2 0 2 0 2 0 0 2 2 0 1 1 1 1 2 0 2 0 1 1
"192" "PADE_14201L1518" "north" 1 1 2 0 2 0 1 1 2 0 1 1 1 1 2 0 2 0 2 0
"193" "PADE_14206L1519" "north" 2 0 2 0 2 0 0 2 2 0 2 0 1 1 1 1 2 0 1 1
"194" "PADE_14207L1585" "north" 1 1 2 0 2 0 0 2 2 0 2 0 2 0 2 0 2 0 1 1
"195" "PADE_14208L1520" "north" 2 0 2 0 2 0 1 1 2 0 2 0 1 1 1 1 2 0 1 1
"196" "PADE_14209L1521" "north" 1 1 1 1 2 0 1 1 2 0 2 0 2 0 1 1 2 0 2 0
"197" "PADE_14210L1522" "north" 1 1 1 1 2 0 1 1 2 0 2 0 2 0 1 1 2 0 2 0
"198" "PADE_14211L1428" "north" 2 0 2 0 1 1 1 1 1 1 2 0 1 1 2 0 2 0 1 1
"199" "PADE_14212L1523" "north" 2 0 2 0 2 0 1 1 1 1 2 0 2 0 2 0 2 0 1 1
"200" "PADE_14213L1586" "north" 2 0 2 0 1 1 1 1 2 0 2 0 2 0 2 0 2 0 2 0
"201" "PADE_14214L1429" "north" 2 0 1 1 2 0 2 0 2 0 2 0 0 2 2 0 2 0 1 1
"202" "PADE_14215L1430" "north" 1 1 0 2 2 0 2 0 1 1 2 0 2 0 2 0 2 0 2 0
"203" "PADE_14216L1431" "north" 1 1 1 1 2 0 2 0 1 1 2 0 1 1 2 0 2 0 2 0
"204" "PADE_14217L1432" "north" 1 1 2 0 2 0 1 1 2 0 2 0 1 1 1 1 2 0 1 1
"205" "PADE_14218L1524" "north" 2 0 2 0 2 0 1 1 2 0 2 0 1 1 2 0 2 0 2 0
"206" "PADE_14219L1525" "north" 1 1 0 2 2 0 0 2 2 0 2 0 1 1 2 0 2 0 2 0
"207" "PADE_14220L1433" "north" 2 0 2 0 1 1 1 1 2 0 2 0 2 0 2 0 2 0 1 1
"208" "PADE_14221L1434" "north" 2 0 2 0 2 0 2 0 1 1 1 1 2 0 1 1 1 1 2 0
"209" "PADE_14222L1435" "north" 1 1 2 0 1 1 1 1 2 0 2 0 1 1 2 0 2 0 1 1
"210" "PADE_14223L1526" "north" 2 0 2 0 2 0 1 1 2 0 2 0 1 1 1 1 2 0 2 0
"211" "PADE_14224L1436" "north" 1 1 1 1 1 1 0 2 0 2 2 0 2 0 2 0 2 0 1 1
"212" "PADE_14225L1587" "north" 1 1 1 1 2 0 0 2 2 0 2 0 2 0 2 0 2 0 2 0
"213" "PADE_14226L1527" "north" 2 0 2 0 2 0 1 1 2 0 2 0 1 1 2 0 2 0 1 1
"214" "PADE_14227L1437" "north" 1 1 1 1 2 0 1 1 2 0 2 0 1 1 2 0 2 0 2 0
"215" "PADE_14228L1438" "north" 2 0 2 0 2 0 1 1 1 1 2 0 1 1 2 0 2 0 2 0
"216" "PADE_14229L1528" "north" 1 1 2 0 1 1 1 1 2 0 2 0 2 0 2 0 2 0 1 1
"217" "PADE_14239L1533" "north" 1 1 1 1 2 0 1 1 2 0 2 0 1 1 2 0 2 0 1 1
"218" "PADE_14240L1534" "north" 0 2 2 0 2 0 0 2 2 0 2 0 1 1 2 0 2 0 2 0
"219" "PADE_14241L1443" "north" 1 1 1 1 1 1 1 1 2 0 2 0 1 1 2 0 2 0 1 1
"220" "PADE_14242L1535" "north" 1 1 1 1 1 1 0 2 1 1 2 0 1 1 2 0 1 1 2 0
"221" "PADE_14243L1589" "north" 1 1 1 1 2 0 1 1 2 0 2 0 2 0 2 0 2 0 2 0
"222" "PADE_14244L1536" "north" 2 0 1 1 1 1 0 2 2 0 1 1 1 1 2 0 2 0 2 0
"223" "PADE_14245L1444" "north" 2 0 1 1 1 1 0 2 2 0 1 1 1 1 2 0 2 0 2 0
"224" "PADE_14246L1537" "north" 2 0 1 1 2 0 0 2 2 0 2 0 1 1 1 1 2 0 1 1
"225" "PADE_14247L1538" "north" 2 0 2 0 1 1 0 2 2 0 2 0 1 1 2 0 2 0 2 0
"226" "PADE_14248L1590" "north" 2 0 1 1 1 1 0 2 2 0 2 0 1 1 2 0 2 0 2 0
"227" "PADE_14249L1539" "north" 2 0 1 1 2 0 1 1 2 0 2 0 1 1 1 1 2 0 2 0
"228" "PADE_14250L1445" "north" 2 0 2 0 2 0 1 1 2 0 2 0 1 1 2 0 2 0 2 0
"229" "PADE_14251L1540" "north" 2 0 1 1 2 0 1 1 1 1 2 0 2 0 2 0 1 1 1 1
"230" "PADE_14252L1541" "north" 1 1 1 1 1 1 2 0 0 2 2 0 1 1 2 0 2 0 2 0
"231" "PADE_14253L1446" "north" 2 0 1 1 2 0 1 1 1 1 2 0 1 1 2 0 1 1 1 1
"232" "PADE_14254L1542" "north" 2 0 1 1 2 0 1 1 2 0 2 0 1 1 2 0 2 0 1 1
